0 0.025708 0.491689 0.025997 0.105275
0 0.052571 0.547097 0.027730 0.116356
0 0.116696 0.458444 0.031196 0.072030
0 0.178221 0.538785 0.019064 0.166223
0 0.239746 0.516622 0.020797 0.182846
0 0.224148 0.524933 0.024263 0.105275
0 0.279607 0.448748 0.024263 0.401706
0 0.308203 0.473681 0.029463 0.163453
0 0.457250 0.500000 0.019064 0.310283
0 0.589832 0.538785 0.027730 0.088652
0 0.679954 0.486148 0.020797 0.116356
0 0.664356 0.566489 0.024263 0.099734
0 0.853264 0.461215 0.017331 0.072030
0 0.945118 0.480607 0.034662 0.105275