0 0.130560 0.524933 0.024263 0.531914
0 0.161756 0.588652 0.017331 0.155142
0 0.227614 0.353170 0.017331 0.592863
0 0.253611 0.408577 0.027730 0.504210
0 0.285673 0.419659 0.022530 0.205009
0 0.379261 0.538785 0.015598 0.171764
0 0.439919 0.451518 0.022530 0.285350
0 0.490179 0.527704 0.019064 0.232712
0 0.521375 0.400266 0.019064 0.509751
0 0.555170 0.505541 0.020797 0.149601
0 0.718082 0.436281 0.020797 0.171764
0 0.731080 0.566489 0.036395 0.144060
0 0.763143 0.454289 0.041594 0.180075
0 0.813403 0.515237 0.013865 0.069260
0 0.883593 0.522163 0.025997 0.171764
0 0.861929 0.555408 0.024263 0.216090
0 0.975448 0.560949 0.019064 0.144060
0 0.952051 0.504156 0.017331 0.102504
0 0.065569 0.540171 0.025997 0.091423
0 0.015309 0.547097 0.015598 0.099734
0 0.676488 0.487533 0.017331 0.108045
0 0.641825 0.466755 0.017331 0.110815
0 0.585500 0.451518 0.015598 0.113586
0 0.832467 0.504156 0.020797 0.141290