0 0.090699 0.541556 0.020797 0.210549
0 0.213749 0.627438 0.034662 0.243794
0 0.284806 0.486148 0.027730 0.382313
0 0.388793 0.436281 0.013865 0.149601
0 0.584633 0.556793 0.024263 0.108045
0 0.634893 0.421044 0.024263 0.263187
0 0.723281 0.457059 0.024263 0.191157
0 0.862796 0.479222 0.029463 0.916998
0 0.560370 0.437666 0.024263 0.113586
0 0.455517 0.583112 0.025997 0.044326
0 0.460716 0.447363 0.029463 0.110815
0 0.765742 0.418274 0.025997 0.157912
0 0.811670 0.439051 0.020797 0.060949
0 0.799538 0.559563 0.024263 0.069260