0 0.875794 0.373947 0.020797 0.562388
0 0.912189 0.385029 0.027730 0.268727
0 0.979780 0.490304 0.024263 0.124667
0 0.496245 0.494459 0.020797 0.332446
0 0.517042 0.515237 0.024263 0.146830
0 0.624494 0.479222 0.031196 0.119127
0 0.247545 0.569260 0.025997 0.360150
0 0.210283 0.619127 0.031196 0.132979
0 0.175621 0.430740 0.024263 0.670434
0 0.155690 0.531859 0.022530 0.191157
0 0.139226 0.519393 0.020797 0.105275
0 0.417389 0.630208 0.025997 0.171764
0 0.338533 0.565104 0.031196 0.263187
0 0.044772 0.476452 0.025997 0.191157