0 0.134626 0.446087 0.021922 0.172521
0 0.102586 0.464957 0.015177 0.059304
0 0.075604 0.562000 0.021922 0.269564
0 0.314221 0.545826 0.016863 0.328868
0 0.412029 0.500000 0.020236 0.226434
0 0.499719 0.467652 0.013491 0.194086
0 0.576447 0.537739 0.028668 0.301911
0 0.682687 0.489217 0.032040 0.140173
0 0.769533 0.485174 0.020236 0.202173
0 0.903597 0.497304 0.025295 0.188695
0 0.942383 0.419131 0.015177 0.070087
0 0.991006 0.529652 0.017988 0.221042
0 0.840360 0.533695 0.026981 0.115912
0 0.460933 0.443392 0.023609 0.113217