0 0.542721 0.505391 0.028668 0.873387
0 0.724845 0.518869 0.025295 0.792517
0 0.880832 0.466305 0.013491 0.105130
0 0.895166 0.517522 0.021922 0.078173
0 0.962619 0.545826 0.018550 0.134782
0 0.930579 0.455522 0.015177 0.088956
0 0.667510 0.508087 0.015177 0.145564
0 0.695334 0.417783 0.026981 0.137478
0 0.440697 0.458218 0.016863 0.121304
0 0.427206 0.510783 0.020236 0.118608
0 0.261945 0.505391 0.023609 0.140173
0 0.200393 0.567391 0.021922 0.134782
0 0.101743 0.446087 0.023609 0.237216
0 0.613547 0.485174 0.018550 0.045826