0 0.927787 0.422429 0.024263 0.520833
0 0.868862 0.621897 0.027730 0.105275
0 0.822068 0.511082 0.017331 0.121897
0 0.971115 0.567874 0.020797 0.058178
0 0.531774 0.537400 0.015598 0.163453
0 0.625361 0.504156 0.022530 0.080341
0 0.397458 0.524933 0.024263 0.193927
0 0.256210 0.508311 0.022530 0.260416
0 0.227614 0.501385 0.024263 0.130208
0 0.190352 0.523548 0.029463 0.152371
0 0.150491 0.463985 0.015598 0.171764
0 0.114962 0.472296 0.017331 0.121897
0 0.557770 0.419659 0.015598 0.127438
0 0.459850 0.588652 0.017331 0.077571
0 0.291739 0.537400 0.020797 0.202238