0 0.531774 0.418274 0.025997 0.778479
0 0.598498 0.480607 0.038128 0.459884
0 0.663489 0.556793 0.019064 0.102504
0 0.697285 0.473681 0.020797 0.091423
0 0.776141 0.491689 0.025997 0.138519
0 0.807337 0.527704 0.019064 0.166223
0 0.939919 0.530474 0.027730 0.243794
0 0.985846 0.580341 0.022530 0.072030
0 0.454650 0.563719 0.024263 0.271498
0 0.364529 0.477837 0.020797 0.243794
0 0.336800 0.462600 0.017331 0.157912
0 0.301271 0.529089 0.019064 0.091423
0 0.279607 0.516622 0.017331 0.132979
0 0.194685 0.520778 0.020797 0.157912
0 0.125361 0.448748 0.020797 0.723071
0 0.037839 0.519393 0.015598 0.060949
0 0.097631 0.598349 0.017331 0.152371