0 0.016582 0.427218 0.018550 0.134782
0 0.036818 0.439348 0.021922 0.159043
0 0.051995 0.599739 0.018550 0.264172
0 0.076447 0.428566 0.016863 0.121304
0 0.122822 0.462261 0.025295 0.204868
0 0.148117 0.429913 0.018550 0.140173
0 0.191119 0.502696 0.030354 0.301911
0 0.218100 0.536391 0.030354 0.142869
0 0.339517 0.553913 0.023609 0.204868
0 0.413716 0.447435 0.020236 0.094347
0 0.435638 0.494609 0.037099 0.226434
0 0.482856 0.462261 0.020236 0.339650
0 0.522485 0.355783 0.018550 0.266868
0 0.541877 0.619956 0.016863 0.094347
0 0.608488 0.544478 0.028668 0.886865
0 0.648117 0.621304 0.026981 0.097043
0 0.688589 0.451479 0.023609 0.091652
0 0.792299 0.440696 0.015177 0.118608
0 0.810006 0.459565 0.020236 0.102434
0 0.857223 0.599739 0.020236 0.156347
0 0.935638 0.489217 0.011804 0.285738
0 0.965992 0.469000 0.021922 0.196782