0 0.116920 0.400261 0.010118 0.770952
0 0.103429 0.385435 0.020236 0.557997
0 0.024171 0.515480 0.026981 0.969040
0 0.247611 0.382740 0.015177 0.180608
0 0.340360 0.425870 0.025295 0.789822
0 0.317594 0.536391 0.020236 0.256086
0 0.693648 0.508087 0.016863 0.183303
0 0.759415 0.407001 0.020236 0.056608
0 0.796515 0.474391 0.026981 0.185999
0 0.836144 0.571434 0.025295 0.283042
0 0.885891 0.490565 0.023609 0.169825
0 0.968522 0.524261 0.013491 0.070087
0 0.600899 0.490565 0.013491 0.094347
0 0.550309 0.516174 0.013491 0.064695