0 0.842865 0.421044 0.034662 0.817264
0 0.898325 0.572030 0.034662 0.132979
0 0.944252 0.465370 0.022530 0.202238
0 0.988446 0.498615 0.020797 0.202238
0 0.682553 0.465370 0.019064 0.174534
0 0.707683 0.509696 0.013865 0.202238
0 0.742345 0.504156 0.020797 0.135749
0 0.640959 0.566489 0.025997 0.354609
0 0.482380 0.419659 0.027730 0.160682
0 0.333333 0.454289 0.017331 0.484818
0 0.240612 0.560949 0.019064 0.210549
0 0.130560 0.522163 0.031196 0.110815
0 0.081167 0.602504 0.032929 0.127438
0 0.008954 0.490304 0.017908 0.185616