0 0.201618 0.541556 0.020797 0.482047
0 0.277874 0.530474 0.027730 0.554077
0 0.342865 0.416888 0.029463 0.227172
0 0.400924 0.565104 0.024263 0.689826
0 0.530040 0.505541 0.015598 0.127438
0 0.667822 0.530474 0.031196 0.271498
0 0.713749 0.511082 0.043328 0.299202
0 0.893125 0.389185 0.024263 0.243794
0 0.932987 0.458444 0.027730 0.149601
0 0.957250 0.560949 0.020797 0.265957
0 0.812536 0.463985 0.032929 0.127438
0 0.595898 0.554023 0.025997 0.196697
0 0.462449 0.432126 0.015598 0.119127
0 0.440786 0.486148 0.013865 0.088652
0 0.098498 0.541556 0.029463 0.077571
0 0.008954 0.494459 0.017908 0.132979