0 0.027544 0.429913 0.013491 0.140173
0 0.041034 0.564695 0.026981 0.118608
0 0.080663 0.435305 0.018550 0.226434
0 0.206296 0.342305 0.020236 0.180608
0 0.306633 0.400261 0.018550 0.221042
0 0.279651 0.456870 0.021922 0.070087
0 0.481169 0.470348 0.023609 0.091652
0 0.557898 0.411044 0.018550 0.247999
0 0.526700 0.361175 0.016863 0.169825
0 0.600899 0.556608 0.026981 0.145564
0 0.793985 0.401609 0.015177 0.072782
0 0.873243 0.481131 0.021922 0.070087
0 0.945756 0.374653 0.021922 0.132086
0 0.979483 0.428566 0.021922 0.142869