0 0.212198 0.559304 0.018550 0.485215
0 0.181844 0.446087 0.015177 0.064695
0 0.138842 0.490565 0.026981 0.110521
0 0.070545 0.567391 0.028668 0.113217
0 0.585722 0.578173 0.016863 0.264172
0 0.569702 0.456870 0.015177 0.086260
0 0.550309 0.552565 0.020236 0.164434
0 0.480326 0.458218 0.021922 0.083565
0 0.422990 0.467652 0.038786 0.064695
0 0.652333 0.521565 0.018550 0.204868
0 0.707139 0.458218 0.043845 0.277651
0 0.816751 0.489217 0.033727 0.442085
0 0.907813 0.450131 0.023609 0.266868
0 0.980326 0.502696 0.030354 0.177912
0 0.953345 0.470348 0.037099 0.113217