0 0.225689 0.478435 0.015177 0.291129
0 0.313378 0.440696 0.018550 0.140173
0 0.353850 0.463609 0.025295 0.072782
0 0.719786 0.502696 0.015177 0.123999
0 0.732434 0.429913 0.023609 0.140173
0 0.807476 0.545826 0.018550 0.603823
0 0.863125 0.483826 0.025295 0.334259
0 0.909500 0.537739 0.023609 0.215651
0 0.881675 0.597043 0.021922 0.221042
0 0.842046 0.539087 0.016863 0.266868
0 0.495503 0.469000 0.025295 0.099739
0 0.510680 0.494609 0.028668 0.129391
0 0.206296 0.592999 0.033727 0.169825
0 0.010399 0.615912 0.020798 0.199477
0 0.034289 0.467652 0.013491 0.107825
0 0.136313 0.510783 0.021922 0.167130