0 0.169196 0.537045 0.030354 0.925910
0 0.017425 0.537739 0.020236 0.355824
0 0.035975 0.531000 0.023609 0.045826
0 0.289769 0.452826 0.018550 0.105130
0 0.316751 0.497304 0.018550 0.188695
0 0.352164 0.346349 0.018550 0.107825
0 0.337830 0.485174 0.026981 0.126695
0 0.412872 0.623999 0.018550 0.334259
0 0.451658 0.500000 0.021922 0.086260
0 0.556211 0.533695 0.028668 0.250694
0 0.631253 0.405653 0.023609 0.156347
0 0.658235 0.424522 0.026981 0.140173
0 0.647274 0.544478 0.025295 0.239912
0 0.671726 0.557956 0.020236 0.105130
0 0.718943 0.327479 0.020236 0.539127
0 0.788083 0.442044 0.016863 0.191390
0 0.823496 0.451479 0.033727 0.274955
0 0.892636 0.451479 0.026981 0.118608
0 0.984542 0.392175 0.025295 0.722431
0 0.941540 0.576826 0.026981 0.137478