0 0.124508 0.474391 0.035413 0.482519
0 0.167510 0.576826 0.023609 0.212955
0 0.283024 0.522913 0.021922 0.288433
0 0.312535 0.559304 0.023609 0.118608
0 0.451658 0.610521 0.028668 0.123999
0 0.477796 0.536391 0.020236 0.115912
0 0.494660 0.502696 0.023609 0.150956
0 0.558741 0.576826 0.023609 0.196782
0 0.584036 0.544478 0.020236 0.191390
0 0.645587 0.582217 0.025295 0.137478
0 0.693648 0.482478 0.023609 0.342346
0 0.759415 0.574130 0.026981 0.272259
0 0.840360 0.562000 0.026981 0.307303
0 0.886734 0.487870 0.018550 0.234520
0 0.932265 0.630738 0.021922 0.148260
0 0.952501 0.486522 0.021922 0.274955
0 0.240022 0.544478 0.020236 0.132086
0 0.033446 0.526956 0.015177 0.215651
0 0.017425 0.610521 0.026981 0.156347