0 0.090781 0.382740 0.021922 0.299216
0 0.139685 0.545826 0.021922 0.668518
0 0.175942 0.428566 0.026981 0.159043
0 0.204609 0.683303 0.020236 0.420519
0 0.232434 0.451479 0.021922 0.150956
0 0.288083 0.556608 0.021922 0.253390
0 0.359753 0.521565 0.030354 0.355824
0 0.467678 0.544478 0.016863 0.460954
0 0.483699 0.415087 0.018550 0.121304
0 0.604272 0.486522 0.020236 0.199477
0 0.733277 0.584913 0.021922 0.272259
0 0.933108 0.440696 0.023609 0.118608
0 0.991006 0.475739 0.017988 0.123999
0 0.901068 0.404305 0.026981 0.207564