0 0.305790 0.497304 0.016863 0.965038
0 0.325183 0.444739 0.011804 0.283042
0 0.352164 0.545826 0.021922 0.129391
0 0.612704 0.547174 0.020236 0.180608
0 0.664980 0.451479 0.020236 0.140173
0 0.683530 0.485174 0.026981 0.250694
0 0.723159 0.555261 0.025295 0.239912
0 0.767847 0.570087 0.023609 0.274955
0 0.839517 0.501348 0.028668 0.180608
0 0.884205 0.462261 0.023609 0.463650
0 0.921304 0.578173 0.020236 0.339650
0 0.960933 0.346349 0.025295 0.646953
0 0.140528 0.489217 0.023609 0.156347
0 0.162451 0.533695 0.026981 0.153651
0 0.012366 0.516174 0.023609 0.404346
0 0.060427 0.416435 0.018550 0.156347
0 0.590781 0.528304 0.020236 0.239912