0 0.569702 0.351740 0.021922 0.533736
0 0.589938 0.676564 0.042159 0.164434
0 0.751827 0.456870 0.018550 0.398954
0 0.793142 0.543130 0.020236 0.107825
0 0.852164 0.514826 0.030354 0.169825
0 0.467678 0.700825 0.030354 0.304607
0 0.500562 0.456870 0.025295 0.172521
0 0.354694 0.454174 0.020236 0.183303
0 0.304103 0.588956 0.026981 0.080869
0 0.263631 0.471696 0.033727 0.428606
0 0.192805 0.551217 0.026981 0.247999
0 0.121979 0.555261 0.026981 0.185999
0 0.025857 0.654999 0.023609 0.245303
0 0.234120 0.531000 0.021922 0.148260
0 0.926363 0.528304 0.016863 0.094347