0 0.575604 0.485174 0.023609 0.531041
0 0.640528 0.514826 0.018550 0.159043
0 0.660764 0.514826 0.028668 0.099739
0 0.841203 0.557956 0.021922 0.202173
0 0.861439 0.540435 0.018550 0.118608
0 0.967678 0.543130 0.032040 0.118608
0 0.978640 0.487870 0.020236 0.390867
0 0.437324 0.607825 0.030354 0.080869
0 0.234963 0.551217 0.023609 0.247999
0 0.286397 0.516174 0.021922 0.237216
0 0.327712 0.572782 0.026981 0.177912
0 0.199550 0.567391 0.013491 0.318085
0 0.164980 0.497304 0.015177 0.221042
0 0.127881 0.563347 0.028668 0.132086
0 0.097527 0.663086 0.021922 0.460954
0 0.074761 0.517522 0.020236 0.277651
0 0.048623 0.475739 0.021922 0.210260