0 0.785673 0.430740 0.024263 0.825575
0 0.809070 0.463985 0.029463 0.193927
0 0.829001 0.634364 0.031196 0.180075
0 0.523975 0.430740 0.031196 0.415558
0 0.460716 0.500000 0.025997 0.088652
0 0.407857 0.548482 0.024263 0.130208
0 0.380994 0.540171 0.025997 0.241024
0 0.279607 0.480607 0.031196 0.138519
0 0.222415 0.563719 0.020797 0.193927
0 0.194685 0.554023 0.027730 0.207779
0 0.153957 0.565104 0.015598 0.085882
0 0.088099 0.511082 0.032929 0.099734
0 0.049971 0.552637 0.025997 0.182846
0 0.023975 0.565104 0.022530 0.207779
0 0.761410 0.563719 0.031196 0.243794
0 0.730214 0.483378 0.017331 0.088652