0 0.413716 0.405653 0.023609 0.717040
0 0.498033 0.463609 0.026981 0.137478
0 0.467678 0.516174 0.016863 0.080869
0 0.604272 0.525609 0.013491 0.072782
0 0.590781 0.446087 0.013491 0.140173
0 0.651490 0.549869 0.020236 0.277651
0 0.698707 0.500000 0.020236 0.215651
0 0.863968 0.479783 0.026981 0.121304
0 0.911186 0.508087 0.033727 0.140173
0 0.314221 0.552565 0.026981 0.185999
0 0.277965 0.532348 0.032040 0.129391
0 0.092468 0.501348 0.018550 0.520258
0 0.763631 0.497304 0.018550 0.070087
0 0.794829 0.489217 0.016863 0.097043
0 0.742552 0.508087 0.020236 0.043130
0 0.030916 0.512130 0.013491 0.045826