0 0.191119 0.516174 0.016863 0.097043
0 0.204609 0.467652 0.013491 0.097043
0 0.237493 0.553913 0.028668 0.204868
0 0.323496 0.510783 0.021922 0.215651
0 0.414559 0.623999 0.035413 0.140173
0 0.709668 0.586260 0.025295 0.258781
0 0.783024 0.469000 0.020236 0.099739
0 0.815065 0.580869 0.026981 0.247999
0 0.898538 0.509435 0.018550 0.094347
0 0.920461 0.442044 0.028668 0.164434
0 0.984542 0.497304 0.028668 0.134782
0 0.008713 0.473044 0.017425 0.161738
0 0.611017 0.637478 0.013491 0.091652
0 0.595840 0.610521 0.023609 0.102434