0 0.164137 0.520217 0.016863 0.272259
0 0.209668 0.521565 0.020236 0.053913
0 0.238336 0.594347 0.016863 0.102434
0 0.277122 0.459565 0.020236 0.097043
0 0.322653 0.486522 0.030354 0.221042
0 0.429736 0.506739 0.018550 0.331563
0 0.460933 0.473044 0.023609 0.118608
0 0.482012 0.509435 0.028668 0.115912
0 0.535132 0.482478 0.023609 0.142869
0 0.663294 0.525609 0.023609 0.137478
0 0.713884 0.607825 0.037099 0.129391
0 0.875773 0.471696 0.023609 0.223738
0 0.077291 0.539087 0.021922 0.099739
0 0.120292 0.522913 0.016863 0.045826