0 0.063800 0.467652 0.032040 0.533736
0 0.125351 0.539087 0.013491 0.115912
0 0.208825 0.525609 0.025295 0.180608
0 0.239179 0.553913 0.028668 0.323476
0 0.428049 0.481131 0.028668 0.285738
0 0.467678 0.541782 0.023609 0.159043
0 0.524171 0.540435 0.021922 0.274955
0 0.553682 0.498652 0.020236 0.212955
0 0.580663 0.517522 0.023609 0.153651
0 0.624508 0.614565 0.020236 0.153651
0 0.646431 0.450131 0.023609 0.169825
0 0.719786 0.570087 0.025295 0.140173
0 0.783867 0.524261 0.032040 0.048521
0 0.805790 0.609173 0.028668 0.137478
0 0.900225 0.486522 0.028668 0.123999