0 0.330734 0.504156 0.029463 0.795101
0 0.436453 0.486148 0.032929 0.205009
0 0.545638 0.516622 0.029463 0.232712
0 0.678221 0.477837 0.031196 0.565159
0 0.725881 0.480607 0.039861 0.249335
0 0.810803 0.533245 0.012132 0.277039
0 0.837666 0.498615 0.024263 0.102504
0 0.960716 0.452903 0.027730 0.116356
0 0.865396 0.461215 0.017331 0.132979
0 0.250144 0.506926 0.031196 0.324135
0 0.108897 0.488918 0.022530 0.088652
0 0.056903 0.490304 0.022530 0.290891
0 0.082900 0.569260 0.025997 0.171764
0 0.022241 0.505541 0.015598 0.221631