0 0.032640 0.385029 0.025997 0.678745
0 0.051704 0.554023 0.025997 0.263187
0 0.129694 0.387799 0.019064 0.229942
0 0.154824 0.551252 0.024263 0.113586
0 0.177354 0.504156 0.024263 0.135749
0 0.244079 0.504156 0.022530 0.185616
0 0.298671 0.408577 0.027730 0.454343
0 0.406124 0.547097 0.027730 0.216090
0 0.462449 0.504156 0.032929 0.180075
0 0.510110 0.437666 0.020797 0.135749
0 0.508377 0.563719 0.024263 0.116356
0 0.539572 0.540171 0.031196 0.096964
0 0.680820 0.515237 0.025997 0.274268
0 0.713749 0.572030 0.025997 0.288120
0 0.772675 0.412733 0.036395 0.313054
0 0.814269 0.549867 0.025997 0.177305
0 0.854131 0.534630 0.032929 0.163453
0 0.956384 0.310229 0.029463 0.484818
0 0.978914 0.574800 0.036395 0.149601
0 0.652224 0.555408 0.027730 0.121897
0 0.571635 0.530474 0.022530 0.088652
0 0.992490 0.459829 0.015020 0.185616