0 0.411186 0.433957 0.025295 0.698170
0 0.586565 0.524261 0.032040 0.210260
0 0.677628 0.579521 0.032040 0.164434
0 0.627881 0.416435 0.020236 0.156347
0 0.822653 0.485174 0.028668 0.315390
0 0.890107 0.474391 0.035413 0.180608
0 0.974424 0.466305 0.021922 0.223738
0 0.298201 0.506739 0.035413 0.153651
0 0.249297 0.473044 0.028668 0.291129
0 0.185216 0.512130 0.018550 0.299216
0 0.160764 0.543130 0.030354 0.237216
0 0.125351 0.508087 0.030354 0.080869
0 0.053682 0.463609 0.021922 0.137478
0 0.493817 0.517522 0.038786 0.153651
0 0.562114 0.513478 0.023609 0.091652