0 0.425520 0.481131 0.013491 0.296520
0 0.454188 0.506739 0.016863 0.180608
0 0.482856 0.491913 0.020236 0.113217
0 0.530916 0.493261 0.032040 0.331563
0 0.578977 0.556608 0.016863 0.226434
0 0.616076 0.606478 0.023609 0.547214
0 0.649803 0.522913 0.016863 0.094347
0 0.675098 0.517522 0.026981 0.045826
0 0.713041 0.462261 0.025295 0.253390
0 0.761945 0.478435 0.028668 0.188695
0 0.825183 0.482478 0.037099 0.132086
0 0.899382 0.501348 0.016863 0.132086
0 0.964306 0.502696 0.015177 0.080869
0 0.239179 0.475739 0.028668 0.145564
0 0.106802 0.460913 0.030354 0.185999
0 0.045250 0.531000 0.021922 0.056608