0 0.101098 0.429355 0.027730 0.822805
0 0.125361 0.452903 0.024263 0.282579
0 0.151358 0.566489 0.024263 0.121897
0 0.254477 0.379488 0.025997 0.224401
0 0.273541 0.563719 0.022530 0.105275
0 0.302137 0.498615 0.020797 0.185616
0 0.355864 0.445977 0.024263 0.340758
0 0.507510 0.537400 0.025997 0.241024
0 0.718949 0.512467 0.025997 0.168994
0 0.773541 0.548482 0.017331 0.418328
0 0.787406 0.524933 0.027730 0.127438
0 0.826401 0.409962 0.022530 0.152371
0 0.870595 0.515237 0.027730 0.141290
0 0.946851 0.534630 0.027730 0.263187