0 0.083767 0.558178 0.020797 0.404476
0 0.061236 0.455674 0.017331 0.055408
0 0.126228 0.560949 0.022530 0.132979
0 0.190352 0.389185 0.019064 0.243794
0 0.196418 0.602504 0.027730 0.094193
0 0.033507 0.653756 0.017331 0.124667
0 0.469382 0.487533 0.029463 0.263187
0 0.663489 0.523548 0.022530 0.146830
0 0.686886 0.631593 0.020797 0.168994
0 0.797805 0.551252 0.034662 0.213320
0 0.880994 0.500000 0.027730 0.055408
0 0.972848 0.462600 0.024263 0.069260
0 0.968515 0.569260 0.025997 0.038785
0 0.290872 0.447363 0.032929 0.149601