0 0.250140 0.512130 0.020236 0.439389
0 0.197021 0.466305 0.028668 0.223738
0 0.150646 0.491913 0.023609 0.264172
0 0.100899 0.483826 0.028668 0.102434
0 0.644744 0.524261 0.020236 0.221042
0 0.670882 0.522913 0.025295 0.094347
0 0.740022 0.501348 0.028668 0.234520
0 0.780495 0.513478 0.035413 0.210260
0 0.843732 0.526956 0.013491 0.301911
0 0.831085 0.529652 0.018550 0.172521
0 0.961776 0.553913 0.033727 0.107825
0 0.541877 0.539087 0.023609 0.126695
0 0.478640 0.553913 0.025295 0.064695
0 0.401911 0.531000 0.020236 0.110521
0 0.061270 0.625347 0.033727 0.083565