0 0.883593 0.346244 0.025997 0.684285
0 0.841132 0.505541 0.024263 0.177305
0 0.714616 0.495844 0.034662 0.301972
0 0.471981 0.583112 0.020797 0.288120
0 0.445118 0.477837 0.032929 0.243794
0 0.422588 0.494459 0.025997 0.177305
0 0.394858 0.516622 0.029463 0.205009
0 0.354997 0.488918 0.025997 0.199468
0 0.374928 0.587267 0.024263 0.202238
0 0.093299 0.523548 0.032929 0.191157
0 0.003755 0.495844 0.007510 0.180075
0 0.960716 0.430740 0.034662 0.171764
0 0.510110 0.462600 0.020797 0.130208
0 0.676488 0.472296 0.020797 0.177305