0 0.250144 0.448748 0.027730 0.185616
0 0.297805 0.576186 0.029463 0.157912
0 0.314269 0.430740 0.024263 0.149601
0 0.353264 0.495844 0.032929 0.252105
0 0.433853 0.509696 0.027730 0.229942
0 0.494512 0.487533 0.024263 0.119127
0 0.570768 0.404422 0.031196 0.263187
0 0.650491 0.461215 0.024263 0.132979
0 0.770075 0.505541 0.027730 0.110815
0 0.862796 0.513852 0.025997 0.132979
0 0.916522 0.524933 0.029463 0.271498
0 0.945118 0.598349 0.031196 0.130208
0 0.984691 0.487533 0.030618 0.252105
0 0.157423 0.540171 0.019064 0.490358
0 0.140959 0.563719 0.024263 0.171764
0 0.096765 0.506926 0.029463 0.983487
0 0.057770 0.445977 0.017331 0.091423
0 0.036973 0.430740 0.024263 0.443262
0 0.530907 0.596964 0.017331 0.072030