0 0.578977 0.529652 0.023609 0.447476
0 0.767847 0.513478 0.037099 0.447476
0 0.847105 0.474391 0.020236 0.115912
0 0.893479 0.454174 0.015177 0.237216
0 0.865655 0.531000 0.016863 0.207564
0 0.945756 0.471696 0.018550 0.099739
0 0.982012 0.473044 0.013491 0.442085
0 0.970208 0.520217 0.016863 0.256086
0 0.801574 0.486522 0.023609 0.156347
0 0.695334 0.416435 0.026981 0.156347
0 0.527544 0.498652 0.018550 0.202173
0 0.347105 0.526956 0.028668 0.204868
0 0.291456 0.498652 0.025295 0.126695
0 0.240022 0.522913 0.026981 0.121304
0 0.209668 0.551217 0.030354 0.495997
0 0.128724 0.529652 0.026981 0.107825
0 0.096683 0.518869 0.023609 0.242607
0 0.073075 0.493261 0.023609 0.148260
0 0.439011 0.536391 0.020236 0.105130