0 0.051152 0.491913 0.020236 0.318085
0 0.229061 0.586260 0.025295 0.237216
0 0.258572 0.483826 0.030354 0.442085
0 0.328555 0.451479 0.032040 0.436693
0 0.407813 0.444739 0.021922 0.159043
0 0.358066 0.597043 0.020236 0.129391
0 0.514896 0.516174 0.023609 0.301911
0 0.450815 0.464957 0.030354 0.177912
0 0.598370 0.575478 0.028668 0.447476
0 0.630410 0.481131 0.032040 0.398954
0 0.687746 0.580869 0.032040 0.145564
0 0.717257 0.454174 0.023609 0.156347
0 0.766161 0.498652 0.033727 0.401650
0 0.839517 0.602434 0.025295 0.064695
0 0.879989 0.477087 0.021922 0.207564