0 0.164356 0.387799 0.025997 0.518062
0 0.231080 0.494459 0.024263 0.205009
0 0.276141 0.470911 0.020797 0.141290
0 0.352397 0.445977 0.010399 0.102504
0 0.365396 0.466755 0.019064 0.138519
0 0.390526 0.437666 0.024263 0.423869
0 0.463316 0.529089 0.031196 0.163453
0 0.511843 0.462600 0.017331 0.096964
0 0.582033 0.533245 0.025997 0.349069
0 0.705950 0.324080 0.027730 0.617796
0 0.775274 0.330341 0.024263 0.660682
0 0.843732 0.480607 0.025997 0.077571
0 0.961583 0.465370 0.022530 0.108045
0 0.983247 0.554023 0.020797 0.168994
0 0.017909 0.531859 0.020797 0.196697