0 0.098498 0.494459 0.022530 0.105275
0 0.237146 0.487533 0.022530 0.180075
0 0.380127 0.451518 0.024263 0.058178
0 0.433853 0.462600 0.027730 0.313054
0 0.399191 0.567874 0.020797 0.074800
0 0.556903 0.452903 0.031196 0.105275
0 0.645292 0.472296 0.020797 0.066489
0 0.670422 0.511082 0.022530 0.182846
0 0.801271 0.441822 0.020797 0.127438
0 0.864529 0.470911 0.025997 0.490358
0 0.897458 0.486148 0.015598 0.182846
0 0.938186 0.527704 0.024263 0.094193
0 0.970248 0.497230 0.019064 0.094193
0 0.005488 0.511082 0.010976 0.243794