0 0.257729 0.323436 0.025295 0.622692
0 0.213041 0.545826 0.026981 0.199477
0 0.112704 0.526956 0.028668 0.388172
0 0.054525 0.459565 0.020236 0.156347
0 0.007870 0.487870 0.015739 0.148260
0 0.078977 0.614565 0.011804 0.083565
0 0.477796 0.525609 0.023609 0.180608
0 0.601743 0.618608 0.021922 0.150956
0 0.679314 0.535043 0.021922 0.350433
0 0.717257 0.479783 0.037099 0.423215
0 0.777965 0.478435 0.030354 0.156347
0 0.816751 0.535043 0.026981 0.285738
0 0.894323 0.533695 0.020236 0.094347
0 0.985947 0.557956 0.028106 0.283042