0 0.363125 0.526956 0.023609 0.323476
0 0.401068 0.473044 0.028668 0.291129
0 0.479483 0.452826 0.020236 0.132086
0 0.593311 0.528304 0.025295 0.326172
0 0.669196 0.486522 0.021922 0.221042
0 0.709668 0.443392 0.032040 0.425911
0 0.873243 0.486522 0.025295 0.113217
0 0.946599 0.447435 0.030354 0.342346
0 0.985385 0.586260 0.020236 0.140173
0 0.151490 0.541782 0.015177 0.196782
0 0.062114 0.440696 0.021922 0.210260
0 0.038505 0.505391 0.018550 0.345042
0 0.019112 0.458218 0.016863 0.175216
0 0.277965 0.489217 0.035413 0.118608