0 0.058741 0.539087 0.025295 0.196782
0 0.128724 0.452826 0.033727 0.110521
0 0.272063 0.524914 0.023609 0.950171
0 0.324339 0.500000 0.026981 0.948864
0 0.364812 0.500000 0.020236 0.431302
0 0.482856 0.485174 0.020236 0.277651
0 0.516582 0.469000 0.026981 0.212955
0 0.593311 0.448783 0.018550 0.134782
0 0.657392 0.444739 0.021922 0.137478
0 0.705452 0.417783 0.026981 0.229129
0 0.872400 0.417783 0.016863 0.714344
0 0.981169 0.559304 0.011804 0.247999
0 0.913716 0.528304 0.028668 0.218347
0 0.743395 0.473044 0.015177 0.075478
0 0.444913 0.409696 0.025295 0.164434
0 0.239179 0.513478 0.025295 0.134782
0 0.391793 0.522913 0.026981 0.083565
0 0.848791 0.560652 0.030354 0.142869