0 0.062969 0.488918 0.020797 0.188386
0 0.092432 0.477837 0.017331 0.138519
0 0.117562 0.382259 0.029463 0.390624
0 0.234546 0.513852 0.017331 0.083112
0 0.277874 0.549867 0.034662 0.160682
0 0.329867 0.475067 0.020797 0.205009
0 0.367995 0.434896 0.027730 0.119127
0 0.407857 0.494459 0.017331 0.038785
0 0.461583 0.577571 0.020797 0.099734
0 0.571635 0.292221 0.029463 0.537455
0 0.605430 0.529089 0.024263 0.318594
0 0.642692 0.463985 0.015598 0.227172
0 0.691219 0.487533 0.025997 0.274268
0 0.744079 0.498615 0.017331 0.157912
0 0.807337 0.425200 0.025997 0.105275
0 0.890526 0.507591 0.022530 0.984818
0 0.986713 0.472296 0.024263 0.066489