0 0.117562 0.419659 0.032929 0.282579
0 0.135760 0.506926 0.027730 0.301972
0 0.175621 0.542941 0.031196 0.468195
0 0.212016 0.626053 0.020797 0.141290
0 0.238879 0.451518 0.025997 0.168994
0 0.278741 0.551252 0.036395 0.390624
0 0.532640 0.486148 0.017331 0.626107
0 0.549971 0.529089 0.013865 0.268727
0 0.585500 0.516622 0.032929 0.077571
0 0.697285 0.506926 0.020797 0.102504
0 0.771808 0.570645 0.027730 0.407247
0 0.801271 0.493074 0.041594 0.174534
0 0.978914 0.493074 0.029463 0.202238
0 0.484113 0.509696 0.031196 0.085882