0 0.236280 0.310229 0.027730 0.457114
0 0.250144 0.475067 0.013865 0.271498
0 0.409590 0.494459 0.020797 0.193927
0 0.543039 0.554023 0.017331 0.279809
0 0.634893 0.649601 0.027730 0.188386
0 0.699018 0.572030 0.024263 0.398936
0 0.721548 0.505541 0.027730 0.177305
0 0.757943 0.623282 0.024263 0.146830
0 0.866262 0.577571 0.039861 0.160682
0 0.994223 0.619127 0.011554 0.210549
0 0.494512 0.513852 0.020797 0.205009
0 0.165222 0.717475 0.020797 0.518062
0 0.078567 0.508311 0.024263 0.049867
0 0.926921 0.536015 0.022530 0.116356
0 0.959850 0.587267 0.025997 0.096964