0 0.306633 0.365218 0.015177 0.690083
0 0.322653 0.466305 0.016863 0.342346
0 0.347105 0.634782 0.025295 0.145564
0 0.384205 0.509435 0.011804 0.121304
0 0.530916 0.419131 0.025295 0.420519
0 0.700393 0.562000 0.023609 0.221042
0 0.723159 0.525609 0.025295 0.309998
0 0.764474 0.435305 0.016863 0.269564
0 0.798201 0.564695 0.010118 0.064695
0 0.853850 0.630738 0.033727 0.169825
0 0.921304 0.619956 0.030354 0.126695
0 0.945756 0.583565 0.028668 0.070087
0 0.277122 0.557956 0.026981 0.347737
0 0.170882 0.556608 0.013491 0.458258
0 0.154862 0.553913 0.021922 0.301911
0 0.135469 0.544478 0.020236 0.212955
0 0.110174 0.483826 0.023609 0.097043
0 0.095840 0.668477 0.018550 0.212955
0 0.063800 0.598391 0.035413 0.083565