0 0.059584 0.640173 0.023609 0.388172
0 0.181001 0.619956 0.023609 0.132086
0 0.222316 0.436653 0.038786 0.212955
0 0.272063 0.373305 0.023609 0.533736
0 0.363968 0.553913 0.021922 0.226434
0 0.414559 0.474391 0.021922 0.169825
0 0.523328 0.452826 0.033727 0.234520
0 0.569702 0.451479 0.028668 0.167130
0 0.595840 0.537739 0.023609 0.107825
0 0.738336 0.485174 0.035413 0.336955
0 0.835301 0.539087 0.020236 0.536432
0 0.853007 0.594347 0.018550 0.328868
0 0.900225 0.582217 0.018550 0.212955
0 0.938167 0.621304 0.033727 0.134782
0 0.956717 0.490565 0.030354 0.401650
0 0.701237 0.481131 0.021922 0.134782
0 0.663294 0.489217 0.026981 0.129391
0 0.293142 0.508087 0.018550 0.123999