0 0.693819 0.335162 0.020797 0.590092
0 0.716349 0.481992 0.017331 0.119127
0 0.796072 0.445977 0.017331 0.285350
0 0.845465 0.481992 0.008666 0.157912
0 0.865396 0.461215 0.017331 0.132979
0 0.895725 0.551252 0.019064 0.119127
0 0.938186 0.488918 0.024263 0.221631
0 0.972848 0.477837 0.024263 0.110815
0 0.547371 0.481992 0.012132 0.213320
0 0.487579 0.505541 0.024263 0.216090
0 0.439919 0.519393 0.036395 0.055408
0 0.335066 0.441822 0.024263 0.138519
0 0.108897 0.443207 0.025997 0.113586
0 0.655690 0.505541 0.024263 0.099734