0 0.841132 0.405807 0.024263 0.786790
0 0.894858 0.469526 0.027730 0.160682
0 0.938186 0.494459 0.024263 0.188386
0 0.530040 0.484763 0.022530 0.152371
0 0.445985 0.375333 0.017331 0.105275
0 0.388793 0.445977 0.013865 0.279809
0 0.313403 0.526319 0.015598 0.135749
0 0.300404 0.414118 0.017331 0.548537
0 0.278741 0.481992 0.025997 0.191157
0 0.238013 0.481992 0.010399 0.241024
0 0.226748 0.463985 0.022530 0.149601
0 0.159157 0.487533 0.029463 0.174534
0 0.132293 0.476452 0.024263 0.268727
0 0.051704 0.552637 0.029463 0.105275
0 0.813403 0.421044 0.017331 0.196697
0 0.021375 0.523548 0.013865 0.052637