0 0.007307 0.486522 0.013491 0.274955
0 0.039348 0.557956 0.023609 0.180608
0 0.078134 0.466305 0.020236 0.234520
0 0.246768 0.435305 0.020236 0.253390
0 0.351321 0.451479 0.020236 0.194086
0 0.368184 0.680608 0.033727 0.253390
0 0.400225 0.572782 0.020236 0.204868
0 0.446599 0.526956 0.021922 0.334259
0 0.487071 0.536391 0.018550 0.169825
0 0.504778 0.623999 0.020236 0.161738
0 0.623665 0.594347 0.018550 0.145564
0 0.678471 0.551217 0.026981 0.334259
0 0.727375 0.545826 0.023609 0.296520
0 0.773749 0.586260 0.025295 0.280346
0 0.858066 0.646912 0.028668 0.239912
0 0.654019 0.545826 0.021922 0.156347