0 0.454650 0.346964 0.013865 0.693927
0 0.497111 0.592808 0.022530 0.124667
0 0.557770 0.468141 0.029463 0.108045
0 0.613229 0.545711 0.012132 0.257646
0 0.722415 0.473681 0.025997 0.246564
0 0.748411 0.484763 0.032929 0.368461
0 0.844598 0.371177 0.024263 0.689826
0 0.875794 0.494459 0.020797 0.099734
0 0.939919 0.491689 0.027730 0.094193
0 0.657423 0.512467 0.017331 0.063719
0 0.695552 0.572030 0.017331 0.121897
0 0.385326 0.422429 0.027730 0.432180
0 0.438186 0.505541 0.032929 0.155142
0 0.341999 0.511082 0.024263 0.265957
0 0.244945 0.502770 0.031196 0.216090
0 0.213749 0.610815 0.024263 0.110815
0 0.152224 0.644060 0.029463 0.155142
0 0.109763 0.371177 0.024263 0.362921
0 0.091566 0.501385 0.032929 0.362921