0 0.600231 0.303303 0.027730 0.592863
0 0.705950 0.534630 0.020797 0.229942
0 0.935586 0.451518 0.019064 0.257646
0 0.959850 0.518008 0.025997 0.168994
0 0.573368 0.537400 0.019064 0.313054
0 0.427787 0.513852 0.022530 0.221631
0 0.400058 0.526319 0.025997 0.157912
0 0.344598 0.513852 0.025997 0.227172
0 0.253611 0.470911 0.024263 0.185616
0 0.223281 0.518008 0.029463 0.157912
0 0.172155 0.574800 0.024263 0.049867
0 0.156557 0.429355 0.031196 0.207779
0 0.084633 0.554023 0.029463 0.229942
0 0.020508 0.587267 0.012132 0.207779
0 0.678221 0.454289 0.027730 0.141290