0 0.027544 0.447435 0.020236 0.665822
0 0.084879 0.479783 0.023609 0.191390
0 0.115233 0.549869 0.026981 0.277651
0 0.216414 0.475739 0.020236 0.264172
0 0.279651 0.386783 0.028668 0.743996
0 0.364812 0.494609 0.020236 0.226434
0 0.433108 0.506739 0.025295 0.277651
0 0.405284 0.586260 0.013491 0.382781
0 0.543564 0.417783 0.026981 0.309998
0 0.617763 0.555261 0.020236 0.245303
0 0.724845 0.432609 0.018550 0.582258
0 0.830242 0.423174 0.020236 0.137478
0 0.936481 0.543130 0.023609 0.172521
0 0.917931 0.572782 0.016863 0.210260
0 0.991849 0.549869 0.016301 0.115912