0 0.003654 0.493261 0.007307 0.212955
0 0.018269 0.597043 0.018550 0.204868
0 0.079820 0.443392 0.016863 0.113217
0 0.164980 0.533695 0.018550 0.261477
0 0.283867 0.328827 0.026981 0.347737
0 0.380832 0.459565 0.021922 0.663127
0 0.359753 0.594347 0.023609 0.194086
0 0.449129 0.618608 0.033727 0.129391
0 0.502248 0.531000 0.028668 0.180608
0 0.535975 0.474391 0.018550 0.164434
0 0.592468 0.481131 0.023609 0.167130
0 0.698707 0.415087 0.026981 0.735909
0 0.732434 0.394870 0.033727 0.711648
0 0.945756 0.487870 0.035413 0.336955
0 0.657392 0.539087 0.018550 0.121304
0 0.457560 0.440696 0.023609 0.118608
0 0.890950 0.417783 0.026981 0.072782