0 0.092432 0.361481 0.031196 0.698137
0 0.132293 0.516622 0.027730 0.166223
0 0.270942 0.476452 0.027730 0.224401
0 0.374928 0.520778 0.020797 0.229942
0 0.456384 0.501385 0.024263 0.085882
0 0.542172 0.491689 0.019064 0.160682
0 0.575101 0.534630 0.022530 0.130208
0 0.609763 0.504156 0.022530 0.285350
0 0.640959 0.444592 0.019064 0.155142
0 0.682553 0.481992 0.012132 0.362921
0 0.740612 0.425200 0.031196 0.565159
0 0.809070 0.530474 0.022530 0.055408
0 0.851531 0.436281 0.017331 0.243794
0 0.874928 0.487533 0.022530 0.235483
0 0.021375 0.505541 0.017331 0.193927
0 0.049105 0.515237 0.013865 0.124667