0 0.220630 0.444739 0.021922 0.105130
0 0.238336 0.448783 0.023609 0.134782
0 0.267847 0.473044 0.021922 0.161738
0 0.317594 0.454174 0.020236 0.075478
0 0.379989 0.495957 0.023609 0.229129
0 0.402754 0.547174 0.021922 0.094347
0 0.457560 0.564695 0.023609 0.107825
0 0.330242 0.584913 0.025295 0.088956
0 0.481169 0.512784 0.023609 0.974432
0 0.573918 0.281653 0.020236 0.485215
0 0.697864 0.432609 0.025295 0.123999
0 0.657392 0.421827 0.028668 0.145564
0 0.831928 0.509435 0.030354 0.180608
0 0.909500 0.535043 0.037099 0.091652
0 0.963463 0.601086 0.023609 0.110521