0 0.075968 0.526319 0.025997 0.246564
0 0.159157 0.536015 0.029463 0.083112
0 0.216349 0.500000 0.025997 0.171764
0 0.251011 0.491689 0.025997 0.149601
0 0.296072 0.495844 0.029463 0.152371
0 0.356730 0.498615 0.025997 0.196697
0 0.405257 0.520778 0.032929 0.213320
0 0.439053 0.487533 0.024263 0.185616
0 0.481514 0.563719 0.022530 0.603944
0 0.626228 0.461215 0.017331 0.387854
0 0.646158 0.480607 0.025997 0.160682
0 0.862796 0.527704 0.015598 0.349069
0 0.882727 0.637134 0.038128 0.279809
0 0.949451 0.500665 0.032929 0.998670
0 0.991912 0.518008 0.013865 0.257646