0 0.948585 0.481992 0.027730 0.301972
0 0.924321 0.538785 0.027730 0.094193
0 0.889659 0.598349 0.031196 0.108045
0 0.832467 0.574800 0.027730 0.060949
0 0.774408 0.527704 0.022530 0.243794
0 0.699884 0.493074 0.025997 0.102504
0 0.645292 0.524933 0.020797 0.171764
0 0.605430 0.491689 0.017331 0.121897
0 0.591566 0.560949 0.031196 0.105275
0 0.364529 0.594193 0.034662 0.310283
0 0.323801 0.522163 0.032929 0.271498
0 0.273541 0.519393 0.022530 0.155142
0 0.241479 0.544326 0.024263 0.354609
0 0.163489 0.572030 0.020797 0.166223
0 0.142692 0.541556 0.020797 0.094193