0 0.245925 0.518869 0.018550 0.495997
0 0.272063 0.606478 0.016863 0.212955
0 0.365655 0.490565 0.021922 0.159043
0 0.448286 0.491913 0.021922 0.965038
0 0.548623 0.563347 0.023609 0.358520
0 0.675098 0.735868 0.023609 0.320781
0 0.724845 0.504043 0.038786 0.185999
0 0.804947 0.543130 0.023609 0.140173
0 0.917088 0.648260 0.025295 0.145564
0 0.970208 0.553913 0.013491 0.140173
0 0.068016 0.444739 0.020236 0.218347
0 0.034289 0.617260 0.003373 0.008087
0 0.042721 0.603782 0.030354 0.067391
0 0.220630 0.517522 0.021922 0.164434