0 0.060370 0.608045 0.025997 0.293661
0 0.179954 0.616356 0.032929 0.155142
0 0.219815 0.465370 0.019064 0.180075
0 0.270942 0.350399 0.024263 0.598403
0 0.362796 0.566489 0.024263 0.310283
0 0.418255 0.506926 0.027730 0.213320
0 0.526574 0.477837 0.029463 0.332446
0 0.568169 0.463985 0.029463 0.155142
0 0.599364 0.577571 0.025997 0.182846
0 0.660890 0.526319 0.031196 0.213320
0 0.699018 0.491689 0.024263 0.138519
0 0.739746 0.494459 0.039861 0.310283
0 0.833333 0.458444 0.015598 0.415558
0 0.852397 0.512467 0.019064 0.346298
0 0.898325 0.554023 0.031196 0.202238
0 0.956384 0.468141 0.022530 0.506981
0 0.928654 0.628823 0.032929 0.152371
0 0.091566 0.623282 0.029463 0.146830
0 0.293472 0.531859 0.020797 0.146830