0 0.021641 0.454174 0.015177 0.145564
0 0.076447 0.498652 0.013491 0.196782
0 0.063800 0.478435 0.025295 0.086260
0 0.166667 0.495957 0.015177 0.374694
0 0.157392 0.618608 0.016863 0.183303
0 0.198707 0.466305 0.015177 0.137478
0 0.234963 0.444739 0.020236 0.094347
0 0.251827 0.495957 0.023609 0.175216
0 0.304103 0.528304 0.020236 0.768257
0 0.379989 0.506739 0.013491 0.261477
0 0.399965 0.437146 0.020755 0.132708
0 0.459636 0.541861 0.015566 0.242607
0 0.522549 0.557413 0.022052 0.306888
0 0.549142 0.491059 0.018161 0.174180
0 0.573788 0.437146 0.015566 0.174180
0 0.602975 0.490022 0.016863 0.250902
0 0.642539 0.488985 0.020755 0.244681
0 0.661997 0.459955 0.020755 0.277858
0 0.685346 0.528383 0.020755 0.062207
0 0.713236 0.479654 0.019458 0.196989
0 0.762529 0.486911 0.011675 0.107825
0 0.797553 0.507647 0.019458 0.356654
0 0.778743 0.496242 0.012972 0.226019
0 0.815713 0.484838 0.016863 0.132708
0 0.851386 0.536677 0.018161 0.323476
0 0.873438 0.508684 0.015566 0.184547