0 0.017909 0.461215 0.020797 0.177305
0 0.072501 0.455674 0.019064 0.193927
0 0.113229 0.513852 0.027730 0.360150
0 0.348931 0.493074 0.031196 0.346298
0 0.389659 0.537400 0.019064 0.213320
0 0.427787 0.427970 0.019064 0.321365
0 0.505777 0.570645 0.022530 0.185616
0 0.617562 0.448748 0.020797 0.113586
0 0.650491 0.491689 0.024263 0.216090
0 0.699884 0.554023 0.015598 0.119127
0 0.793472 0.415503 0.032929 0.141290
0 0.939919 0.529089 0.020797 0.590092
0 0.965916 0.393340 0.024263 0.146830
0 0.287406 0.502770 0.022530 0.116356
0 0.241479 0.572030 0.031196 0.149601
0 0.153091 0.560949 0.034662 0.121897
0 0.836800 0.551252 0.015598 0.108045