0 0.148960 0.598391 0.030354 0.741300
0 0.211355 0.549869 0.030354 0.159043
0 0.225689 0.420479 0.025295 0.115912
0 0.260259 0.470348 0.016863 0.307303
0 0.296515 0.563347 0.025295 0.266868
0 0.268690 0.621304 0.020236 0.253390
0 0.434795 0.540435 0.015177 0.161738
0 0.515739 0.471696 0.025295 0.137478
0 0.541877 0.481131 0.023609 0.285738
0 0.567173 0.370609 0.033727 0.625388
0 0.630410 0.625347 0.028668 0.164434
0 0.732434 0.588956 0.023609 0.285738
0 0.774592 0.516174 0.023609 0.285738
0 0.804947 0.638825 0.016863 0.115912
0 0.864812 0.564695 0.021922 0.398954
0 0.891793 0.500000 0.021922 0.129391
0 0.943226 0.481131 0.016863 0.129391
0 0.991006 0.525609 0.017988 0.132086