0 0.062114 0.451479 0.018550 0.770952
0 0.041877 0.502696 0.018550 0.512171
0 0.126194 0.613217 0.021922 0.215651
0 0.175098 0.544478 0.021922 0.126695
0 0.294829 0.477087 0.018550 0.455563
0 0.398538 0.613217 0.023609 0.625388
0 0.487071 0.595695 0.018550 0.207564
0 0.521641 0.506045 0.023609 0.987910
0 0.567173 0.575478 0.013491 0.150956
0 0.592468 0.525609 0.023609 0.293824
0 0.670039 0.580869 0.023609 0.420519
0 0.875773 0.529652 0.013491 0.221042
0 0.917931 0.425870 0.023609 0.099739
0 0.955031 0.520217 0.030354 0.299216