0 0.152224 0.450133 0.025997 0.753545
0 0.172155 0.458444 0.017331 0.404476
0 0.203351 0.621897 0.024263 0.177305
0 0.243212 0.531859 0.020797 0.202238
0 0.337666 0.578956 0.022530 0.246564
0 0.426921 0.533245 0.027730 0.221631
0 0.493645 0.515237 0.019064 0.451573
0 0.508377 0.541556 0.024263 0.199468
0 0.875794 0.588652 0.024263 0.554077
0 0.906124 0.430740 0.036395 0.205009
0 0.973715 0.500000 0.019064 0.144060
0 0.131427 0.495844 0.019064 0.152371
0 0.047371 0.490304 0.034662 0.124667
0 0.623628 0.483378 0.032929 0.127438