0 0.125351 0.498652 0.020236 0.137478
0 0.329399 0.545826 0.023609 0.528345
0 0.398538 0.529652 0.013491 0.221042
0 0.444070 0.574130 0.016863 0.239912
0 0.490444 0.528304 0.028668 0.175216
0 0.518269 0.455522 0.016863 0.256086
0 0.670882 0.540435 0.018550 0.123999
0 0.709668 0.493261 0.018550 0.175216
0 0.799044 0.599739 0.018550 0.393563
0 0.820967 0.436653 0.018550 0.212955
0 0.020798 0.524261 0.013491 0.145564
0 0.738336 0.518869 0.028668 0.097043
0 0.866498 0.526956 0.021922 0.097043
0 0.576447 0.535043 0.015177 0.080869
0 0.630410 0.524261 0.011804 0.064695