0 0.685153 0.444592 0.024263 0.144060
0 0.820335 0.436281 0.024263 0.121897
0 0.922588 0.567874 0.027730 0.218861
0 0.946851 0.468141 0.020797 0.102504
0 0.989313 0.450133 0.019064 0.055408
0 0.368862 0.664838 0.029463 0.235483
0 0.436453 0.486148 0.032929 0.132979
0 0.333333 0.454289 0.027730 0.108045
0 0.278741 0.433511 0.025997 0.221631
0 0.202484 0.573415 0.022530 0.174534
0 0.170422 0.537400 0.024263 0.235483
0 0.120162 0.552637 0.024263 0.315824
0 0.093299 0.549867 0.029463 0.476506
0 0.065569 0.454289 0.025997 0.157912