0 0.077291 0.489217 0.018550 0.291129
0 0.123665 0.502696 0.023609 0.102434
0 0.165823 0.543130 0.023609 0.291129
0 0.209668 0.516174 0.020236 0.086260
0 0.240866 0.570087 0.021922 0.150956
0 0.276279 0.446087 0.021922 0.118608
0 0.327712 0.502696 0.026981 0.361215
0 0.428893 0.493261 0.023609 0.466345
0 0.463463 0.467652 0.021922 0.172521
0 0.482856 0.505391 0.030354 0.118608
0 0.539348 0.506739 0.018550 0.142869
0 0.663294 0.544478 0.023609 0.159043
0 0.710511 0.605130 0.030354 0.107825
0 0.874930 0.456870 0.032040 0.312694