0 0.006183 0.531000 0.012366 0.401650
0 0.073918 0.580869 0.038786 0.377389
0 0.235807 0.555261 0.021922 0.099739
0 0.251827 0.562000 0.030354 0.199477
0 0.358066 0.571434 0.026981 0.159043
0 0.443226 0.592999 0.038786 0.169825
0 0.597527 0.529652 0.033727 0.242607
0 0.761102 0.435305 0.023609 0.506780
0 0.785554 0.549869 0.035413 0.261477
0 0.820967 0.570087 0.032040 0.323476
0 0.878302 0.487870 0.028668 0.175216
0 0.944913 0.545826 0.033727 0.177912
0 0.133783 0.574130 0.030354 0.185999
0 0.025857 0.507393 0.030354 0.985214