0 0.456717 0.343653 0.025295 0.539127
0 0.534289 0.545826 0.021922 0.177912
0 0.567173 0.572782 0.020236 0.080869
0 0.686060 0.485174 0.021922 0.288433
0 0.716414 0.614565 0.035413 0.180608
0 0.867341 0.526956 0.040472 0.204868
0 0.916245 0.552565 0.037099 0.132086
0 0.360596 0.560652 0.021922 0.212955
0 0.314221 0.594347 0.037099 0.102434
0 0.197021 0.469000 0.018550 0.202173
0 0.175098 0.478435 0.035413 0.150956
0 0.143058 0.602434 0.025295 0.291129
0 0.077291 0.520217 0.028668 0.115912
0 0.588252 0.594347 0.025295 0.075478