0 0.405257 0.326851 0.019064 0.634419
0 0.473715 0.333777 0.017331 0.631648
0 0.458117 0.483378 0.024263 0.188386
0 0.532640 0.469526 0.031196 0.166223
0 0.566436 0.594193 0.025997 0.110815
0 0.634027 0.551252 0.012132 0.124667
0 0.674754 0.490304 0.024263 0.113586
0 0.724148 0.455674 0.039861 0.310283
0 0.346332 0.466755 0.036395 0.155142
0 0.288273 0.631593 0.041594 0.207779
0 0.162623 0.609430 0.039861 0.119127
0 0.148758 0.487533 0.039861 0.113586
0 0.082033 0.558178 0.031196 0.132979
0 0.055170 0.558178 0.022530 0.132979