0 0.062114 0.621304 0.018550 0.091652
0 0.099213 0.494609 0.028668 0.113217
0 0.149803 0.500000 0.025295 0.269564
0 0.195334 0.463609 0.018550 0.212955
0 0.249297 0.531000 0.021922 0.326172
0 0.360596 0.559304 0.021922 0.123999
0 0.403597 0.536391 0.016863 0.072782
0 0.476110 0.564695 0.020236 0.161738
0 0.502248 0.525609 0.015177 0.175216
0 0.545250 0.551217 0.016863 0.177912
0 0.575604 0.570087 0.020236 0.258781
0 0.644744 0.559304 0.020236 0.204868
0 0.667510 0.509435 0.025295 0.137478
0 0.738336 0.495957 0.025295 0.229129
0 0.782181 0.535043 0.032040 0.242607
0 0.831085 0.526956 0.018550 0.140173
0 0.845419 0.571434 0.016863 0.261477
0 0.956717 0.562000 0.020236 0.070087