0 0.085722 0.575478 0.015177 0.749387
0 0.149803 0.622652 0.015177 0.299216
0 0.169196 0.505391 0.020236 0.113217
0 0.234963 0.520217 0.020236 0.283042
0 0.281338 0.568739 0.025295 0.309998
0 0.370714 0.380044 0.015177 0.708953
0 0.481169 0.537739 0.023609 0.215651
0 0.514896 0.588956 0.016863 0.280346
0 0.815908 0.570087 0.018550 0.420519
0 0.923834 0.602434 0.018550 0.469041
0 0.944913 0.486522 0.023609 0.188695
0 0.743395 0.535043 0.035413 0.118608
0 0.578134 0.562000 0.015177 0.059304
0 0.417088 0.580869 0.026981 0.323476
0 0.213041 0.557956 0.013491 0.056608
0 0.015739 0.520217 0.020236 0.137478
0 0.057054 0.508087 0.021922 0.204868