0 0.145292 0.606660 0.025997 0.700908
0 0.212016 0.533245 0.020797 0.254876
0 0.229347 0.447363 0.020797 0.055408
0 0.288273 0.556793 0.017331 0.229942
0 0.257943 0.439051 0.019064 0.354609
0 0.271808 0.642675 0.022530 0.213320
0 0.434720 0.536015 0.019064 0.094193
0 0.517042 0.490304 0.020797 0.141290
0 0.543039 0.441822 0.017331 0.210549
0 0.568169 0.425200 0.025997 0.703678
0 0.629694 0.631593 0.024263 0.180075
0 0.681687 0.574800 0.024263 0.260416
0 0.731947 0.617741 0.024263 0.301972
0 0.777007 0.542941 0.020797 0.307513
0 0.803004 0.634364 0.024263 0.085882
0 0.860196 0.481992 0.020797 0.540225
0 0.889659 0.518008 0.024263 0.124667
0 0.946851 0.462600 0.027730 0.202238
0 0.990757 0.538785 0.018486 0.166223