0 0.039348 0.482478 0.030354 0.180608
0 0.100899 0.495957 0.015177 0.261477
0 0.116920 0.482478 0.023609 0.180608
0 0.154862 0.501348 0.011804 0.110521
0 0.175098 0.495957 0.015177 0.374694
0 0.189432 0.411044 0.020236 0.199477
0 0.231591 0.487870 0.030354 0.191390
0 0.312535 0.543130 0.023609 0.355824
0 0.360596 0.524261 0.018550 0.145564
0 0.396009 0.502696 0.015177 0.172521
0 0.418775 0.516174 0.023609 0.361215
0 0.439854 0.427218 0.015177 0.156347
0 0.478640 0.421827 0.021922 0.393563
0 0.493817 0.654999 0.025295 0.320781
0 0.544407 0.528304 0.015177 0.159043
0 0.563800 0.500000 0.013491 0.188695
0 0.594154 0.459565 0.033727 0.177912
0 0.531759 0.591652 0.016863 0.145564
0 0.766161 0.613217 0.026981 0.183303
0 0.823496 0.451479 0.020236 0.388172
0 0.895166 0.516174 0.028668 0.285738
0 0.929736 0.451479 0.016863 0.134782
0 0.962619 0.514826 0.021922 0.719735