0 0.255344 0.437666 0.020797 0.506981
0 0.284806 0.404422 0.027730 0.268727
0 0.517042 0.480607 0.024263 0.160682
0 0.543905 0.430740 0.022530 0.160682
0 0.560370 0.558178 0.020797 0.138519
0 0.859330 0.469526 0.029463 0.249335
0 0.970248 0.476452 0.043328 0.213320
0 0.801271 0.594193 0.031196 0.199468
0 0.761410 0.562334 0.034662 0.124667
0 0.435586 0.570645 0.031196 0.091423
0 0.383593 0.454289 0.031196 0.141290
0 0.340266 0.459829 0.020797 0.108045
0 0.124494 0.454289 0.025997 0.085882
0 0.062969 0.458444 0.024263 0.072030