0 0.068016 0.576826 0.026981 0.277651
0 0.123665 0.540435 0.026981 0.150956
0 0.015739 0.510783 0.026981 0.183303
0 0.302417 0.540435 0.023609 0.221042
0 0.353007 0.450131 0.030354 0.191390
0 0.409500 0.518869 0.011804 0.107825
0 0.439854 0.562000 0.025295 0.086260
0 0.554525 0.464957 0.021922 0.113217
0 0.573918 0.568739 0.026981 0.159043
0 0.614390 0.450131 0.020236 0.110521
0 0.751827 0.486522 0.018550 0.156347
0 0.770377 0.497304 0.018550 0.296520
0 0.806633 0.481131 0.026981 0.134782
0 0.853007 0.431261 0.021922 0.126695
0 0.920461 0.490565 0.028668 0.105130