0 0.017909 0.487533 0.027730 0.157912
0 0.064702 0.524933 0.031196 0.116356
0 0.210283 0.587267 0.031196 0.484818
0 0.248411 0.488918 0.024263 0.155142
0 0.404390 0.591423 0.031196 0.792331
0 0.432120 0.459829 0.024263 0.124667
0 0.479780 0.565104 0.015598 0.146830
0 0.543905 0.649601 0.012132 0.631648
0 0.558637 0.537400 0.017331 0.163453
0 0.614962 0.486148 0.019064 0.127438
0 0.647891 0.454289 0.012132 0.124667
0 0.678221 0.505541 0.024263 0.105275
0 0.721548 0.505541 0.027730 0.964095
0 0.819468 0.524933 0.025997 0.404476
0 0.943385 0.484763 0.020797 0.246564
0 0.963316 0.493074 0.032929 0.163453
0 0.142692 0.529089 0.027730 0.069260
0 0.367995 0.527704 0.020797 0.083112