0 0.783867 0.400261 0.028668 0.770952
0 0.757729 0.460913 0.030354 0.207564
0 0.730748 0.576826 0.020236 0.137478
0 0.705452 0.528304 0.020236 0.169825
0 0.656549 0.497304 0.026981 0.183303
0 0.609331 0.481131 0.023609 0.307303
0 0.522485 0.447435 0.018550 0.207564
0 0.501405 0.464957 0.023609 0.118608
0 0.370714 0.474391 0.015177 0.083565
0 0.177628 0.574130 0.016863 0.245303
0 0.161608 0.409696 0.015177 0.148260
0 0.086565 0.462261 0.016863 0.064695
0 0.027544 0.452826 0.013491 0.202173
0 0.022485 0.562000 0.016863 0.107825