0 0.169555 0.494459 0.015598 0.631648
0 0.184287 0.495844 0.020797 0.252105
0 0.206817 0.536015 0.010399 0.138519
0 0.038706 0.436281 0.027730 0.171764
0 0.389659 0.530474 0.032929 0.326906
0 0.442519 0.558178 0.041594 0.121897
0 0.504910 0.512467 0.020797 0.268727
0 0.532640 0.457059 0.024263 0.224401
0 0.607163 0.505541 0.027730 0.299202
0 0.631427 0.544326 0.020797 0.110815
0 0.730214 0.500000 0.020797 0.193927
0 0.754477 0.463985 0.031196 0.182846
0 0.805604 0.426585 0.022530 0.168994
0 0.848931 0.508311 0.032929 0.360150
0 0.977181 0.493074 0.022530 0.113586