0 0.169196 0.328827 0.020236 0.628084
0 0.261102 0.553913 0.011804 0.280346
0 0.315065 0.505391 0.018550 0.113217
0 0.423834 0.541782 0.016863 0.115912
0 0.508994 0.462261 0.025295 0.495997
0 0.577291 0.556608 0.040472 0.221042
0 0.761102 0.471696 0.016863 0.353129
0 0.906127 0.397566 0.016863 0.614605
0 0.845419 0.518869 0.020236 0.091652
0 0.065486 0.501348 0.028668 0.110521
0 0.020798 0.583565 0.020236 0.145564
0 0.994379 0.552565 0.011242 0.304607
0 0.234963 0.529652 0.023609 0.199477
0 0.209668 0.563347 0.013491 0.078173