0 0.479780 0.486148 0.025997 0.914228
0 0.454650 0.452903 0.027730 0.792331
0 0.561236 0.502770 0.036395 0.437721
0 0.680820 0.473681 0.025997 0.346298
0 0.726748 0.504156 0.020797 0.191157
0 0.759676 0.527704 0.031196 0.664893
0 0.805604 0.544326 0.015598 0.088652
0 0.825534 0.423814 0.024263 0.185616
0 0.860196 0.508311 0.034662 0.371232
0 0.946851 0.475067 0.034662 0.193927
0 0.367129 0.497230 0.022530 0.193927
0 0.341132 0.490304 0.025997 0.146830
0 0.302137 0.639185 0.020797 0.721630
0 0.241479 0.343473 0.027730 0.645500
0 0.203351 0.570645 0.010399 0.096964
0 0.158290 0.536015 0.017331 0.260416
0 0.142692 0.483378 0.027730 0.149601
0 0.077701 0.595578 0.022530 0.180075
0 0.052571 0.488918 0.027730 0.299202
0 0.020508 0.418274 0.025997 0.324135
0 0.978914 0.536015 0.029463 0.094193