0 0.737146 0.332392 0.031196 0.479277
0 0.801271 0.458444 0.020797 0.648270
0 0.853264 0.479222 0.020797 0.551307
0 0.950318 0.347629 0.024263 0.493129
0 0.984113 0.530474 0.022530 0.227172
0 0.523975 0.529089 0.020797 0.401706
0 0.571635 0.506926 0.022530 0.141290
0 0.478047 0.513852 0.019064 0.105275
0 0.322935 0.505541 0.013865 0.288120
0 0.225881 0.551252 0.024263 0.202238
0 0.166089 0.569260 0.015598 0.121897
0 0.146158 0.602504 0.027730 0.155142
0 0.005488 0.511082 0.010976 0.193927
0 0.915656 0.498615 0.020797 0.174534