0 0.264876 0.536015 0.029463 0.770167
0 0.333333 0.389185 0.013865 0.542996
0 0.322935 0.617741 0.034662 0.141290
0 0.361063 0.580341 0.020797 0.083112
0 0.408723 0.433511 0.019064 0.166223
0 0.515309 0.447363 0.017331 0.116356
0 0.447718 0.422429 0.031196 0.116356
0 0.597631 0.537400 0.022530 0.401706
0 0.631427 0.481992 0.020797 0.313054
0 0.721548 0.479222 0.017331 0.257646
0 0.688619 0.599734 0.031196 0.110815
0 0.764009 0.479222 0.029463 0.351839
0 0.506644 0.591423 0.020797 0.138519
0 0.053437 0.445977 0.029463 0.307513
0 0.230214 0.551252 0.032929 0.196697
0 0.840266 0.609430 0.019064 0.080341
0 0.880994 0.466755 0.027730 0.166223