0 0.010976 0.549867 0.020797 0.221631
0 0.049971 0.445977 0.032929 0.113586
0 0.153957 0.426585 0.032929 0.174534
0 0.497978 0.573415 0.031196 0.357380
0 0.529174 0.440437 0.031196 0.246564
0 0.450318 0.432126 0.032929 0.135749
0 0.363663 0.416888 0.022530 0.121897
0 0.763143 0.461215 0.020797 0.066489
0 0.835066 0.394725 0.019064 0.221631
0 0.851531 0.596964 0.038128 0.216090
0 0.820335 0.652371 0.024263 0.182846
0 0.033507 0.591423 0.034662 0.094193
0 0.398325 0.562334 0.043328 0.119127
0 0.655690 0.434896 0.041594 0.108045
0 0.589832 0.458444 0.034662 0.077571