0 0.072232 0.473044 0.018550 0.312694
0 0.054525 0.524261 0.033727 0.398954
0 0.137999 0.540435 0.035413 0.285738
0 0.280495 0.493261 0.013491 0.110521
0 0.328555 0.548521 0.015177 0.107825
0 0.472737 0.433957 0.013491 0.164434
0 0.499719 0.516174 0.016863 0.377389
0 0.541034 0.514826 0.021922 0.153651
0 0.618606 0.397566 0.021922 0.204868
0 0.666667 0.579521 0.023609 0.159043
0 0.710511 0.463609 0.030354 0.299216
0 0.901911 0.438000 0.032040 0.167130
0 0.937324 0.454174 0.028668 0.156347
0 0.828555 0.517522 0.030354 0.245303
0 0.733277 0.433957 0.021922 0.153651