0 0.040191 0.428566 0.018550 0.142869
0 0.171726 0.485174 0.021922 0.283042
0 0.199550 0.540435 0.040472 0.264172
0 0.255200 0.471696 0.020236 0.304607
0 0.308319 0.462261 0.028668 0.161738
0 0.331085 0.529652 0.020236 0.177912
0 0.401911 0.467652 0.026981 0.377389
0 0.437324 0.381392 0.030354 0.204868
0 0.474424 0.529652 0.033727 0.064695
0 0.546936 0.452826 0.030354 0.304607
0 0.605958 0.433957 0.030354 0.142869
0 0.634626 0.429913 0.030354 0.323476
0 0.691962 0.506739 0.026981 0.137478
0 0.723159 0.594347 0.021922 0.177912
0 0.773749 0.571434 0.028668 0.132086
0 0.832771 0.466305 0.038786 0.191390
0 0.911186 0.451479 0.026981 0.086260
0 0.932265 0.493261 0.028668 0.105130
0 0.983699 0.456870 0.023609 0.086260
0 0.156549 0.491913 0.025295 0.145564