0 0.032603 0.408348 0.020236 0.636170
0 0.049466 0.459565 0.016863 0.177912
0 0.118606 0.500000 0.016863 0.301911
0 0.140528 0.516174 0.030354 0.345042
0 0.179314 0.456870 0.026981 0.064695
0 0.210511 0.529652 0.021922 0.221042
0 0.248454 0.517522 0.030354 0.245303
0 0.360596 0.514826 0.018550 0.148260
0 0.380832 0.413740 0.018550 0.107825
0 0.610174 0.597043 0.025295 0.237216
0 0.625351 0.464957 0.015177 0.123999
0 0.713041 0.444739 0.028668 0.326172
0 0.869871 0.464957 0.018550 0.404346
0 0.906970 0.451479 0.025295 0.237216
0 0.978640 0.559304 0.020236 0.107825