0 0.013287 0.441822 0.026574 0.116356
0 0.147025 0.480607 0.029463 0.138519
0 0.199018 0.488918 0.025997 0.166223
0 0.257077 0.490304 0.027730 0.229942
0 0.392259 0.457059 0.020797 0.174534
0 0.424321 0.484763 0.025997 0.229942
0 0.459850 0.526319 0.024263 0.944702
0 0.614096 0.500000 0.027730 0.299202
0 0.653957 0.617741 0.024263 0.229942
0 0.707683 0.560949 0.031196 0.299202
0 0.871462 0.516622 0.029463 0.542996
0 0.943385 0.506926 0.027730 0.268727
0 0.974581 0.450133 0.027730 0.132979
0 0.913923 0.491689 0.017331 0.127438
0 0.549971 0.570645 0.017331 0.146830