0 0.188619 0.476452 0.032929 0.202238
0 0.245812 0.520778 0.036395 0.146830
0 0.288273 0.515237 0.020797 0.252105
0 0.312536 0.383644 0.027730 0.376773
0 0.352397 0.565104 0.027730 0.263187
0 0.384460 0.513852 0.019064 0.144060
0 0.490179 0.364251 0.022530 0.703678
0 0.510976 0.670379 0.025997 0.080341
0 0.157423 0.598349 0.015598 0.069260
0 0.565569 0.569260 0.013865 0.271498
0 0.697285 0.481992 0.017331 0.141290
0 0.711150 0.536015 0.027730 0.027704
0 0.748411 0.585882 0.025997 0.315824
0 0.827267 0.656527 0.020797 0.119127
0 0.822068 0.487533 0.020797 0.119127
0 0.895725 0.544326 0.036395 0.310283