0 0.522485 0.459565 0.025295 0.355824
0 0.629567 0.525609 0.020236 0.196782
0 0.686903 0.576826 0.023609 0.347737
0 0.726532 0.463609 0.028668 0.148260
0 0.911186 0.512130 0.033727 0.336955
0 0.799044 0.553913 0.025295 0.118608
0 0.766161 0.522913 0.013491 0.110521
0 0.465992 0.490565 0.020236 0.153651
0 0.357223 0.473044 0.021922 0.140173
0 0.325183 0.508087 0.025295 0.091652
0 0.271220 0.533695 0.021922 0.126695
0 0.239179 0.497304 0.011804 0.140173
0 0.196178 0.346349 0.023609 0.371998
0 0.084879 0.479783 0.020236 0.272259
0 0.054525 0.475739 0.026981 0.264172