0 0.019955 0.487870 0.018550 0.266868
0 0.062957 0.459565 0.016863 0.080869
0 0.129567 0.474391 0.018550 0.067391
0 0.216414 0.517522 0.040472 0.655040
0 0.306633 0.447435 0.032040 0.099739
0 0.323496 0.533695 0.018550 0.088956
0 0.428893 0.444739 0.030354 0.105130
0 0.460933 0.500000 0.030354 0.204868
0 0.503092 0.460913 0.016863 0.126695
0 0.555368 0.432609 0.030354 0.199477
0 0.622822 0.498652 0.023609 0.110521
0 0.676785 0.557956 0.023609 0.126695
0 0.793142 0.495957 0.040472 0.072782
0 0.901911 0.497304 0.025295 0.221042
0 0.932265 0.493261 0.028668 0.153651