0 0.957250 0.372562 0.034662 0.675974
0 0.929520 0.588652 0.020797 0.232712
0 0.880994 0.490304 0.020797 0.102504
0 0.738879 0.544326 0.020797 0.221631
0 0.700751 0.583112 0.020797 0.066489
0 0.528307 0.480607 0.012132 0.083112
0 0.471115 0.476452 0.019064 0.152371
0 0.491046 0.635749 0.024263 0.083112
0 0.445985 0.502770 0.024263 0.121897
0 0.406124 0.425200 0.020797 0.116356
0 0.420855 0.606660 0.043328 0.102504
0 0.358463 0.592808 0.019064 0.368461
0 0.330734 0.530474 0.025997 0.271498
0 0.174754 0.452903 0.022530 0.404476
0 0.102831 0.440437 0.017331 0.196697
0 0.069902 0.457059 0.027730 0.113586
0 0.050838 0.529089 0.031196 0.235483