0 0.307476 0.464957 0.020236 0.878778
0 0.323496 0.508087 0.028668 0.409737
0 0.343732 0.641521 0.018550 0.223738
0 0.531759 0.421827 0.020236 0.479823
0 0.702923 0.557956 0.018550 0.218347
0 0.728218 0.556608 0.018550 0.339650
0 0.763631 0.447435 0.018550 0.299216
0 0.848791 0.625347 0.023609 0.153651
0 0.917931 0.621304 0.026981 0.134782
0 0.803260 0.559304 0.020236 0.161738
0 0.945756 0.574130 0.018550 0.056608
0 0.975267 0.529652 0.033727 0.156347
0 0.487071 0.522913 0.015177 0.126695
0 0.385891 0.494609 0.018550 0.086260
0 0.277122 0.539087 0.026981 0.180608
0 0.238336 0.571434 0.016863 0.094347
0 0.171726 0.586260 0.015177 0.323476
0 0.154019 0.591652 0.020236 0.194086
0 0.136313 0.540435 0.015177 0.274955
0 0.111017 0.509435 0.018550 0.137478
0 0.094154 0.702173 0.032040 0.145564
0 0.052839 0.562000 0.016863 0.118608