0 0.171726 0.540435 0.021922 0.291129
0 0.202923 0.560652 0.020236 0.132086
0 0.309162 0.537739 0.020236 0.091652
0 0.383361 0.552565 0.030354 0.137478
0 0.439854 0.567391 0.028668 0.371998
0 0.621135 0.514826 0.020236 0.207564
0 0.659921 0.428566 0.016863 0.132086
0 0.686060 0.439348 0.018550 0.137478
0 0.783024 0.485174 0.020236 0.266868
0 0.874087 0.454174 0.020236 0.307303
0 0.928893 0.607825 0.015177 0.118608
0 0.277122 0.479783 0.026981 0.121304
0 0.140528 0.495957 0.023609 0.083565
0 0.007026 0.562000 0.014052 0.188695