0 0.234963 0.501348 0.037099 0.973125
0 0.308319 0.518869 0.035413 0.285738
0 0.376616 0.518869 0.026981 0.064695
0 0.457560 0.506739 0.026981 0.250694
0 0.484542 0.392175 0.023609 0.194086
0 0.516582 0.580869 0.033727 0.150956
0 0.168353 0.498652 0.021922 0.169825
0 0.152333 0.402957 0.020236 0.150956
0 0.085722 0.436653 0.018550 0.121304
0 0.584036 0.601086 0.030354 0.207564
0 0.664980 0.417783 0.033727 0.137478
0 0.902754 0.540435 0.023609 0.415128
0 0.646431 0.535043 0.043845 0.075478
0 0.986228 0.490565 0.025295 0.132086