0 0.428049 0.483826 0.015177 0.258781
0 0.403597 0.535043 0.023609 0.221042
0 0.465992 0.545826 0.023609 0.242607
0 0.867341 0.556608 0.037099 0.177912
0 0.968522 0.621304 0.020236 0.242607
0 0.985385 0.584913 0.013491 0.299216
0 0.683530 0.539087 0.023609 0.132086
0 0.508994 0.563347 0.025295 0.099739
0 0.597527 0.566043 0.033727 0.062000
0 0.253513 0.493261 0.020236 0.153651
0 0.228218 0.455522 0.026981 0.266868
0 0.189432 0.525609 0.020236 0.099739
0 0.113547 0.494609 0.016863 0.118608
0 0.074761 0.572782 0.013491 0.361215
0 0.045250 0.508087 0.028668 0.070087