0 0.740612 0.505541 0.017331 0.842197
0 0.756210 0.487533 0.017331 0.130208
0 0.799538 0.529089 0.024263 0.257646
0 0.867995 0.481992 0.019064 0.180075
0 0.986424 0.336547 0.027152 0.437721
0 0.549971 0.592808 0.020797 0.301972
0 0.574235 0.520778 0.017331 0.130208
0 0.638359 0.434896 0.027730 0.124667
0 0.677354 0.465370 0.015598 0.124667
0 0.694685 0.516622 0.019064 0.155142
0 0.134027 0.513852 0.031196 0.271498
0 0.303004 0.573415 0.012132 0.168994
0 0.033507 0.455674 0.017331 0.448803
0 0.064702 0.436281 0.031196 0.171764
0 0.465049 0.443207 0.020797 0.130208