0 0.334200 0.342088 0.025997 0.670434
0 0.295205 0.488918 0.027730 0.149601
0 0.401791 0.515237 0.032929 0.157912
0 0.483247 0.486148 0.022530 0.155142
0 0.509243 0.529089 0.022530 0.130208
0 0.558637 0.448748 0.013865 0.102504
0 0.590699 0.461215 0.019064 0.110815
0 0.698151 0.538785 0.032929 0.205009
0 0.811670 0.620512 0.031196 0.141290
0 0.845465 0.497230 0.019064 0.072030
0 0.926054 0.477837 0.013865 0.138519
0 0.951184 0.524933 0.015598 0.083112
0 0.967649 0.486148 0.010399 0.193927
0 0.155690 0.490304 0.022530 0.263187
0 0.108030 0.445977 0.020797 0.246564
0 0.056903 0.450133 0.019064 0.487588
0 0.535240 0.490304 0.022530 0.091423
0 0.174754 0.545711 0.015598 0.052637
0 0.195552 0.451518 0.019064 0.074800