0 0.145587 0.513478 0.020236 0.862604
0 0.131253 0.425870 0.018550 0.142869
0 0.094154 0.470348 0.018550 0.080869
0 0.074761 0.427218 0.033727 0.177912
0 0.317594 0.450131 0.026981 0.169825
0 0.348791 0.428566 0.018550 0.347737
0 0.378302 0.487870 0.020236 0.185999
0 0.459247 0.584913 0.030354 0.132086
0 0.651490 0.467652 0.026981 0.221042
0 0.670882 0.498652 0.021922 0.223738
0 0.797358 0.509435 0.025295 0.299216
0 0.828555 0.477087 0.016863 0.250694
0 0.897695 0.617260 0.030354 0.212955
0 0.951658 0.455522 0.026981 0.088956