0 0.625351 0.459565 0.025295 0.204868
0 0.607645 0.615912 0.020236 0.134782
0 0.560427 0.580869 0.023609 0.183303
0 0.530916 0.548521 0.025295 0.172521
0 0.695334 0.487870 0.023609 0.132086
0 0.869871 0.640173 0.032040 0.183303
0 0.936481 0.456870 0.023609 0.215651
0 0.809162 0.622652 0.032040 0.159043
0 0.749297 0.494609 0.016863 0.107825
0 0.729904 0.490565 0.008432 0.115912
0 0.489601 0.495957 0.020236 0.121304
0 0.424677 0.517522 0.021922 0.067391
0 0.390107 0.632086 0.013491 0.215651
0 0.272063 0.528304 0.016863 0.132086
0 0.119449 0.592999 0.025295 0.299216
0 0.019112 0.548521 0.030354 0.140173