0 0.197864 0.575478 0.016863 0.247999
0 0.235807 0.471696 0.021922 0.223738
0 0.340360 0.413740 0.018550 0.226434
0 0.390107 0.539087 0.033727 0.223738
0 0.456717 0.557956 0.021922 0.180608
0 0.479483 0.471696 0.023609 0.142869
0 0.531759 0.521565 0.020236 0.226434
0 0.630410 0.541782 0.032040 0.304607
0 0.664137 0.505391 0.018550 0.345042
0 0.681844 0.477087 0.023609 0.223738
0 0.735807 0.516174 0.026981 0.161738
0 0.817594 0.640173 0.028668 0.506780
0 0.056211 0.433957 0.023609 0.180608
0 0.013210 0.489217 0.018550 0.150956