0 0.089938 0.483826 0.030354 0.938082
0 0.170882 0.529652 0.037099 0.188695
0 0.237493 0.427218 0.021922 0.490606
0 0.279651 0.535043 0.018550 0.199477
0 0.374930 0.366566 0.026981 0.547214
0 0.418775 0.537739 0.026981 0.226434
0 0.722316 0.473044 0.020236 0.576866
0 0.746768 0.500000 0.015177 0.150956
0 0.928049 0.479783 0.020236 0.514867
0 0.946599 0.450131 0.023609 0.121304
0 0.885891 0.495957 0.030354 0.202173
0 0.620292 0.500000 0.021922 0.247999
0 0.639685 0.535043 0.023609 0.070087
0 0.326026 0.518869 0.016863 0.043130
0 0.017425 0.439348 0.016863 0.105130
0 0.011242 0.524261 0.022484 0.080869