0 0.508377 0.488918 0.020797 0.764627
0 0.540439 0.508311 0.015598 0.193927
0 0.563836 0.432126 0.024263 0.130208
0 0.586366 0.501385 0.020797 0.119127
0 0.619295 0.505541 0.017331 0.099734
0 0.605430 0.448748 0.020797 0.091423
0 0.824668 0.520778 0.019064 0.318594
0 0.900058 0.491689 0.024263 0.293661
0 0.925188 0.498615 0.015598 0.069260
0 0.704217 0.481992 0.020797 0.119127
0 0.446851 0.549867 0.025997 0.166223
0 0.360196 0.484763 0.029463 0.307513
0 0.397458 0.498615 0.020797 0.113586
0 0.331600 0.393340 0.017331 0.423869
0 0.212016 0.422429 0.013865 0.199468
0 0.240612 0.459829 0.019064 0.069260
0 0.171288 0.488918 0.015598 0.144060
0 0.093299 0.484763 0.032929 0.229942
0 0.043905 0.583112 0.020797 0.188386
0 0.031774 0.486148 0.017331 0.199468
0 0.002022 0.501385 0.004044 0.185616
0 0.306470 0.462600 0.019064 0.091423