0 0.046505 0.599734 0.019064 0.277039
0 0.103697 0.594193 0.029463 0.110815
0 0.168689 0.534630 0.017331 0.290891
0 0.228481 0.408577 0.022530 0.349069
0 0.200751 0.541556 0.015598 0.144060
0 0.255344 0.603889 0.024263 0.374002
0 0.290006 0.591423 0.024263 0.199468
0 0.309070 0.391955 0.027730 0.177305
0 0.329867 0.506926 0.024263 0.080341
0 0.348931 0.457059 0.017331 0.235483
0 0.390526 0.490304 0.017331 0.102504
0 0.408723 0.563719 0.019064 0.149601
0 0.463316 0.486148 0.020797 0.116356
0 0.500578 0.486148 0.015598 0.132979
0 0.554304 0.500000 0.022530 0.310283
0 0.595032 0.659297 0.024263 0.191157
0 0.652224 0.585882 0.024263 0.271498
0 0.702484 0.522163 0.024263 0.310283
0 0.732813 0.536015 0.022530 0.088652
0 0.927787 0.684231 0.024263 0.551307
0 0.969382 0.637134 0.017331 0.174534
0 0.786540 0.475067 0.029463 0.149601