0 0.174255 0.475739 0.023609 0.738605
0 0.149803 0.537739 0.025295 0.280346
0 0.095840 0.535043 0.028668 0.134782
0 0.046936 0.459565 0.028668 0.091652
0 0.494660 0.463609 0.016863 0.175216
0 0.515739 0.531000 0.025295 0.072782
0 0.427206 0.524261 0.050590 0.210260
0 0.241709 0.544478 0.023609 0.336955
0 0.206296 0.597043 0.013491 0.242607
0 0.627881 0.485174 0.026981 0.148260
0 0.882518 0.514826 0.030354 0.385476
0 0.911186 0.381392 0.026981 0.188695
0 0.981169 0.493261 0.028668 0.121304
0 0.342046 0.575478 0.035413 0.301911