0 0.008088 0.506926 0.016176 0.207779
0 0.035240 0.463985 0.020797 0.282579
0 0.088099 0.545711 0.032929 0.113586
0 0.127094 0.403036 0.024263 0.216090
0 0.284806 0.274214 0.031196 0.523603
0 0.354997 0.432126 0.025997 0.113586
0 0.416522 0.545711 0.020797 0.141290
0 0.442519 0.394725 0.017331 0.083112
0 0.499711 0.524933 0.020797 0.094193
0 0.544772 0.407192 0.020797 0.102504
0 0.600231 0.440437 0.027730 0.168994
0 0.645292 0.461215 0.027730 0.132979
0 0.712883 0.450133 0.017331 0.099734
0 0.773541 0.444592 0.020797 0.182846
0 0.850664 0.552637 0.022530 0.138519
0 0.906124 0.491689 0.029463 0.083112
0 0.946851 0.472296 0.027730 0.132979