0 0.089832 0.458444 0.032929 0.537455
0 0.200751 0.590038 0.025997 0.113586
0 0.361063 0.580341 0.027730 0.193927
0 0.419122 0.569260 0.025997 0.249335
0 0.451184 0.641290 0.034662 0.155142
0 0.508377 0.549867 0.024263 0.260416
0 0.580300 0.559563 0.029463 0.263187
0 0.540439 0.591423 0.022530 0.083112
0 0.632293 0.512467 0.025997 0.241024
0 0.709416 0.516622 0.031196 0.199468
0 0.796938 0.558178 0.029463 0.166223
0 0.857597 0.466755 0.029463 0.155142
0 0.895725 0.544326 0.029463 0.166223
0 0.985846 0.473681 0.025997 0.180075