0 0.703766 0.503349 0.023609 0.993302
0 0.746768 0.448783 0.021922 0.080869
0 0.764474 0.456870 0.023609 0.393563
0 0.801574 0.354436 0.023609 0.673909
0 0.870714 0.442044 0.020236 0.202173
0 0.924677 0.459565 0.016863 0.167130
0 0.985385 0.466305 0.026981 0.094347
0 0.601743 0.448783 0.021922 0.889560
0 0.565486 0.536391 0.023609 0.261477
0 0.512366 0.446087 0.021922 0.442085
0 0.308319 0.435305 0.018550 0.043130
0 0.291456 0.454174 0.028668 0.070087
0 0.169196 0.566043 0.026981 0.229129
0 0.204609 0.454174 0.016863 0.059304
0 0.119449 0.462261 0.018550 0.075478
0 0.102586 0.486522 0.025295 0.097043
0 0.064643 0.460913 0.013491 0.110521
0 0.047780 0.455522 0.020236 0.056608
0 0.033446 0.552565 0.018550 0.110521
0 0.021641 0.411044 0.025295 0.706257