0 0.079434 0.415503 0.043328 0.141290
0 0.031774 0.524933 0.031196 0.238253
0 0.058637 0.567874 0.032929 0.141290
0 0.231947 0.389185 0.029463 0.354609
0 0.283073 0.463985 0.017331 0.072030
0 0.316002 0.476452 0.027730 0.185616
0 0.464183 0.512467 0.036395 0.091423
0 0.582033 0.513852 0.015598 0.349069
0 0.624494 0.533245 0.027730 0.598403
0 0.674754 0.472296 0.017331 0.166223
0 0.696418 0.498615 0.015598 0.645500
0 0.725014 0.497230 0.034662 0.515292
0 0.756210 0.569260 0.017331 0.121897
0 0.820335 0.439051 0.024263 0.199468
0 0.872328 0.412733 0.017331 0.229942
0 0.919988 0.491689 0.019064 0.160682
0 0.946851 0.493074 0.020797 0.135749
0 0.989313 0.491689 0.019064 0.094193