0 0.231591 0.506739 0.023609 0.978516
0 0.304947 0.512130 0.018550 0.245303
0 0.352164 0.485174 0.015177 0.261477
0 0.366498 0.490565 0.023609 0.142869
0 0.423834 0.442044 0.020236 0.126695
0 0.482856 0.521565 0.026981 0.226434
0 0.250984 0.475739 0.018550 0.097043
0 0.157392 0.408348 0.016863 0.210260
0 0.107645 0.464957 0.021922 0.156347
0 0.060427 0.518869 0.025295 0.242607
0 0.024171 0.605130 0.020236 0.161738
0 0.611861 0.470348 0.021922 0.727822
0 0.705452 0.506739 0.020236 0.903039
0 0.654862 0.464957 0.016863 0.210260
0 0.670039 0.427218 0.016863 0.123999
0 0.858909 0.540435 0.023609 0.474432
0 0.889264 0.548521 0.020236 0.075478
0 0.927206 0.478435 0.021922 0.237216
0 0.946599 0.452826 0.016863 0.126695