0 0.047780 0.509435 0.026981 0.956951
0 0.096683 0.433957 0.026981 0.115912
0 0.146431 0.470348 0.042159 0.037739
0 0.312535 0.556608 0.020236 0.134782
0 0.394323 0.456870 0.018550 0.086260
0 0.419618 0.451479 0.021922 0.129391
0 0.460933 0.439348 0.023609 0.099739
0 0.573918 0.470348 0.020236 0.221042
0 0.633783 0.420479 0.025295 0.159043
0 0.732434 0.539087 0.023609 0.164434
0 0.896852 0.491913 0.021922 0.177912
0 0.613547 0.479783 0.018550 0.218347
0 0.662451 0.540435 0.028668 0.091652
0 0.191962 0.497304 0.018550 0.134782
0 0.821810 0.458218 0.030354 0.078173