0 0.400924 0.493074 0.017331 0.318594
0 0.442519 0.544326 0.024263 0.132979
0 0.705950 0.450133 0.017331 0.072030
0 0.824668 0.576186 0.032929 0.168994
0 0.880994 0.479222 0.013865 0.218861
0 0.969382 0.458444 0.024263 0.171764
0 0.273541 0.502770 0.015598 0.304743
0 0.298671 0.538785 0.020797 0.155142
0 0.348931 0.470911 0.024263 0.130208
0 0.228481 0.468141 0.019064 0.180075
0 0.146158 0.451518 0.020797 0.124667
0 0.111496 0.430740 0.027730 0.105275
0 0.082033 0.536015 0.017331 0.171764
0 0.054304 0.554023 0.024263 0.091423
0 0.755344 0.472296 0.022530 0.055408