0 0.076834 0.566489 0.020797 0.365691
0 0.114096 0.551252 0.012132 0.130208
0 0.132293 0.583112 0.020797 0.188386
0 0.156557 0.559563 0.020797 0.146830
0 0.288273 0.529089 0.020797 0.246564
0 0.341132 0.488918 0.029463 0.221631
0 0.459850 0.534630 0.031196 0.163453
0 0.547371 0.463985 0.025997 0.121897
0 0.783940 0.501385 0.020797 0.252105
0 0.809936 0.590038 0.031196 0.313054
0 0.847198 0.520778 0.022530 0.180075
0 0.898325 0.617741 0.041594 0.135749
0 0.967649 0.580341 0.034662 0.199468
0 0.050838 0.646830 0.017331 0.144060