0 0.133160 0.562334 0.015598 0.157912
0 0.148758 0.591423 0.015598 0.138519
0 0.173888 0.549867 0.027730 0.210549
0 0.289139 0.603889 0.025997 0.257646
0 0.397458 0.524933 0.027730 0.227172
0 0.437319 0.576186 0.027730 0.318594
0 0.479780 0.509696 0.019064 0.074800
0 0.517909 0.548482 0.022530 0.052637
0 0.682553 0.590038 0.022530 0.351839
0 0.705950 0.509696 0.024263 0.113586
0 0.733680 0.488918 0.024263 0.099734
0 0.879261 0.563719 0.031196 0.271498
0 0.932120 0.506926 0.019064 0.146830
0 0.951184 0.547097 0.022530 0.149601
0 0.978047 0.523548 0.017331 0.052637