0 0.064702 0.511082 0.024263 0.243794
0 0.166955 0.497230 0.020797 0.227172
0 0.186020 0.483378 0.024263 0.166223
0 0.247545 0.480607 0.025997 0.116356
0 0.291739 0.534630 0.024263 0.058178
0 0.314269 0.518008 0.024263 0.052637
0 0.395725 0.367021 0.020797 0.254876
0 0.469382 0.475067 0.025997 0.260416
0 0.437319 0.522163 0.034662 0.144060
0 0.546505 0.502770 0.017331 0.182846
0 0.660890 0.563719 0.020797 0.337987
0 0.698151 0.480607 0.022530 0.060949
0 0.757077 0.551252 0.029463 0.119127
0 0.855864 0.432126 0.025997 0.407247
0 0.932987 0.454289 0.020797 0.191157
0 0.978047 0.497230 0.027730 0.227172
0 0.018775 0.427970 0.025997 0.105275