0 0.008713 0.388131 0.017425 0.644257
0 0.046936 0.514826 0.025295 0.256086
0 0.071388 0.448783 0.026981 0.064695
0 0.105958 0.474391 0.018550 0.347737
0 0.148117 0.520217 0.018550 0.040435
0 0.135469 0.590304 0.013491 0.056608
0 0.267004 0.397566 0.020236 0.495997
0 0.288926 0.450131 0.023609 0.137478
0 0.180157 0.448783 0.015177 0.107825
0 0.404441 0.454174 0.018550 0.177912
0 0.427206 0.454174 0.016863 0.145564
0 0.485385 0.413740 0.015177 0.161738
0 0.572232 0.528304 0.010118 0.315390
0 0.581506 0.446087 0.015177 0.506780
0 0.701237 0.520217 0.028668 0.159043
0 0.746768 0.539087 0.021922 0.132086
0 0.906127 0.417783 0.023609 0.142869
0 0.815065 0.454174 0.016863 0.107825
0 0.835301 0.464957 0.023609 0.080869