0 0.589938 0.401609 0.018550 0.692779
0 0.670882 0.745303 0.052277 0.382781
0 0.728218 0.650956 0.038786 0.194086
0 0.781338 0.578173 0.023609 0.231825
0 0.810849 0.544478 0.032040 0.164434
0 0.893479 0.439348 0.021922 0.417824
0 0.920461 0.663086 0.028668 0.223738
0 0.989320 0.545826 0.021360 0.134782
0 0.541877 0.564695 0.023609 0.377389
0 0.433952 0.485174 0.023609 0.218347
0 0.384205 0.557956 0.021922 0.212955
0 0.327712 0.478435 0.026981 0.409737
0 0.288926 0.615912 0.023609 0.339650
0 0.229904 0.482478 0.026981 0.299216
0 0.087409 0.594347 0.021922 0.123999
0 0.112704 0.474391 0.015177 0.126695
0 0.062114 0.494609 0.018550 0.291129
0 0.041034 0.547174 0.026981 0.256086