0 0.100231 0.397496 0.032929 0.216090
0 0.135760 0.508311 0.027730 0.182846
0 0.180820 0.480607 0.024263 0.160682
0 0.195552 0.556793 0.025997 0.335217
0 0.213749 0.559563 0.024263 0.124667
0 0.290872 0.500000 0.012132 0.193927
0 0.420855 0.304688 0.025997 0.412788
0 0.487579 0.529089 0.020797 0.069260
0 0.550838 0.481992 0.025997 0.268727
0 0.607163 0.529089 0.020797 0.124667
0 0.655690 0.563719 0.020797 0.448803
0 0.691219 0.500000 0.029463 0.110815
0 0.719815 0.462600 0.017331 0.146830
0 0.770075 0.452903 0.013865 0.110815
0 0.784806 0.523548 0.025997 0.069260
0 0.906990 0.524933 0.017331 0.160682
0 0.952917 0.531859 0.025997 0.185616
0 0.845465 0.486148 0.022530 0.088652
0 0.806470 0.494459 0.017331 0.077571