0 0.113229 0.481992 0.031196 0.423869
0 0.153957 0.491689 0.022530 0.138519
0 0.204217 0.628823 0.025997 0.157912
0 0.320335 0.563719 0.019064 0.304743
0 0.348065 0.506926 0.022530 0.351839
0 0.378394 0.516622 0.024263 0.343528
0 0.414789 0.630208 0.024263 0.227172
0 0.447718 0.509696 0.027730 0.168994
0 0.503177 0.552637 0.034662 0.193927
0 0.539572 0.462600 0.038128 0.074800
0 0.659157 0.484763 0.020797 0.462655
0 0.724148 0.548482 0.022530 0.141290
0 0.885326 0.602504 0.029463 0.216090
0 0.056037 0.486148 0.024263 0.116356