0 0.010399 0.531000 0.020798 0.358520
0 0.068859 0.532348 0.018550 0.118608
0 0.088252 0.531000 0.023609 0.115912
0 0.226532 0.405653 0.026981 0.188695
0 0.254356 0.509435 0.018550 0.315390
0 0.344576 0.540435 0.023609 0.145564
0 0.369871 0.491913 0.016863 0.177912
0 0.396009 0.481131 0.025295 0.091652
0 0.482012 0.454174 0.021922 0.199477
0 0.545250 0.568739 0.023609 0.153651
0 0.601743 0.470348 0.018550 0.156347
0 0.739179 0.470348 0.023609 0.469041
0 0.758572 0.525609 0.028668 0.185999
0 0.832771 0.446087 0.021922 0.118608
0 0.853007 0.568739 0.021922 0.266868
0 0.928049 0.413740 0.020236 0.118608
0 0.962619 0.475739 0.035413 0.221042