0 0.049466 0.491913 0.010118 0.544519
0 0.071388 0.471696 0.026981 0.504084
0 0.012085 0.510783 0.024170 0.242607
0 0.103429 0.590304 0.010118 0.072782
0 0.192805 0.597043 0.020236 0.593040
0 0.267004 0.489217 0.023609 0.280346
0 0.294829 0.512130 0.025295 0.730518
0 0.348791 0.532348 0.032040 0.156347
0 0.450815 0.378696 0.016863 0.382781
0 0.466835 0.477087 0.021922 0.175216
0 0.580663 0.351740 0.013491 0.469041
0 0.625351 0.526956 0.025295 0.226434
0 0.659921 0.568739 0.037099 0.223738
0 0.690275 0.551217 0.030354 0.156347
0 0.718943 0.425870 0.023609 0.132086
0 0.753513 0.555261 0.021922 0.121304
0 0.824339 0.555261 0.018550 0.169825
0 0.897695 0.510783 0.033727 0.431302
0 0.983699 0.463609 0.030354 0.164434