0 0.523975 0.480607 0.024263 0.437721
0 0.560370 0.479222 0.024263 0.024933
0 0.715482 0.534630 0.022530 0.285350
0 0.694685 0.483378 0.019064 0.121897
0 0.774408 0.494459 0.022530 0.343528
0 0.881860 0.529089 0.019064 0.468195
0 0.901791 0.562334 0.020797 0.279809
0 0.954650 0.480607 0.022530 0.094193
0 0.421722 0.613586 0.027730 0.094193
0 0.296072 0.502770 0.029463 0.216090
0 0.318602 0.566489 0.015598 0.055408
0 0.180820 0.508311 0.013865 0.238253
0 0.166089 0.549867 0.025997 0.121897
0 0.094165 0.509696 0.020797 0.257646
0 0.029174 0.502770 0.012132 0.077571
0 0.007221 0.594193 0.014442 0.077571