0 0.090781 0.551217 0.018550 0.274955
0 0.116920 0.517522 0.023609 0.309998
0 0.150646 0.545826 0.020236 0.177912
0 0.237493 0.481131 0.028668 0.253390
0 0.261945 0.508087 0.010118 0.107825
0 0.364812 0.567391 0.016863 0.339650
0 0.406970 0.474391 0.030354 0.250694
0 0.477796 0.458218 0.020236 0.245303
0 0.508151 0.552565 0.030354 0.207564
0 0.611017 0.557956 0.026981 0.353129
0 0.750140 0.483826 0.015177 0.118608
0 0.831085 0.510783 0.025295 0.161738
0 0.911186 0.513478 0.020236 0.393563
0 0.992693 0.517522 0.014614 0.088956