0 0.172155 0.518008 0.031196 0.285350
0 0.301271 0.613586 0.019064 0.315824
0 0.330734 0.473681 0.032929 0.385084
0 0.419122 0.558178 0.025997 0.227172
0 0.475448 0.537400 0.013865 0.401706
0 0.497978 0.526319 0.027730 0.157912
0 0.553437 0.581726 0.013865 0.102504
0 0.699018 0.519393 0.020797 0.349069
0 0.753611 0.632979 0.043328 0.144060
0 0.844598 0.610815 0.017331 0.144060
0 0.939919 0.379488 0.020797 0.717530
0 0.956384 0.486148 0.039861 0.127438
0 0.671288 0.523548 0.031196 0.091423
0 0.722415 0.551252 0.019064 0.191157
0 0.879261 0.462600 0.017331 0.180075
0 0.861063 0.523548 0.015598 0.135749
0 0.221548 0.504156 0.025997 0.130208
0 0.127094 0.620512 0.017331 0.357380
0 0.017042 0.614971 0.015598 0.130208