0 0.045638 0.468141 0.017331 0.229942
0 0.009243 0.563719 0.013865 0.260416
0 0.128827 0.472296 0.020797 0.288120
0 0.100231 0.590038 0.012132 0.124667
0 0.236280 0.488918 0.027730 0.221631
0 0.208550 0.577571 0.017331 0.121897
0 0.296072 0.588652 0.029463 0.227172
0 0.344598 0.500000 0.025997 0.221631
0 0.373195 0.319925 0.031196 0.626107
0 0.400924 0.671764 0.038128 0.254876
0 0.441652 0.448748 0.019064 0.446032
0 0.525708 0.608045 0.031196 0.282579
0 0.582033 0.515237 0.022530 0.085882
0 0.619295 0.588652 0.024263 0.088652
0 0.703351 0.560949 0.022530 0.166223
0 0.900058 0.524933 0.024263 0.083112
0 0.986424 0.490304 0.027152 0.146830