0 0.044772 0.516622 0.029463 0.398936
0 0.102831 0.642675 0.024263 0.146830
0 0.119295 0.522163 0.029463 0.110815
0 0.186020 0.545711 0.017331 0.146830
0 0.238879 0.537400 0.025997 0.174534
0 0.273541 0.547097 0.022530 0.182846
0 0.145292 0.562334 0.025997 0.063719
0 0.400924 0.542941 0.024263 0.252105
0 0.436453 0.527704 0.025997 0.205009
0 0.520508 0.524933 0.013865 0.105275
0 0.609763 0.549867 0.022530 0.232712
0 0.632293 0.581726 0.025997 0.296431
0 0.691219 0.508311 0.036395 0.155142
0 0.743212 0.554023 0.022530 0.096964
0 0.766609 0.555408 0.020797 0.110815
0 0.790872 0.590038 0.031196 0.252105
0 0.828134 0.526319 0.022530 0.168994
0 0.941652 0.500000 0.017331 0.254876
0 0.879261 0.555408 0.017331 0.116356
0 0.992490 0.581726 0.015020 0.124667