0 0.024841 0.414118 0.020797 0.326906
0 0.060370 0.454289 0.012132 0.252105
0 0.081167 0.522163 0.015598 0.454343
0 0.114962 0.437666 0.013865 0.108045
0 0.155690 0.437666 0.015598 0.191157
0 0.220682 0.531859 0.010399 0.296431
0 0.237146 0.419659 0.022530 0.315824
0 0.319468 0.458444 0.020797 0.072030
0 0.344598 0.538785 0.029463 0.066489
0 0.404390 0.545711 0.024263 0.063719
0 0.444252 0.441822 0.013865 0.094193
0 0.465049 0.560949 0.024263 0.099734
0 0.505777 0.519393 0.019064 0.360150
0 0.528307 0.494459 0.022530 0.969635
0 0.745812 0.513852 0.020797 0.249335
0 0.761410 0.486148 0.017331 0.764627
0 0.893125 0.511082 0.020797 0.149601
0 0.966782 0.470911 0.019064 0.052637