0 0.164356 0.304688 0.022530 0.556848
0 0.184287 0.477837 0.027730 0.205009
0 0.240612 0.468141 0.029463 0.357380
0 0.432120 0.443207 0.031196 0.108045
0 0.469382 0.468141 0.025997 0.346298
0 0.489313 0.502770 0.020797 0.149601
0 0.059503 0.458444 0.020797 0.077571
0 0.014154 0.537400 0.028307 0.174534
0 0.665222 0.373947 0.022530 0.711989
0 0.922588 0.524933 0.020797 0.349069
0 0.962449 0.434896 0.027730 0.329676
0 0.981514 0.574800 0.020797 0.160682
0 0.720682 0.466755 0.022530 0.166223
0 0.759676 0.542941 0.034662 0.096964