0 0.488446 0.350399 0.025997 0.664893
0 0.536973 0.455674 0.029463 0.099734
0 0.563836 0.454289 0.020797 0.080341
0 0.598498 0.495844 0.017331 0.102504
0 0.618429 0.655142 0.025997 0.299202
0 0.653091 0.466755 0.022530 0.155142
0 0.721548 0.529089 0.020797 0.301972
0 0.777874 0.506926 0.029463 0.285350
0 0.874928 0.495844 0.032929 0.146830
0 0.900058 0.577571 0.034662 0.144060
0 0.985557 0.484763 0.028885 0.229942
0 0.685153 0.504156 0.017331 0.202238
0 0.452051 0.475067 0.019064 0.116356
0 0.367995 0.495844 0.027730 0.124667
0 0.332467 0.549867 0.015598 0.177305
0 0.316002 0.454289 0.027730 0.152371
0 0.154824 0.529089 0.017331 0.241024
0 0.125361 0.544326 0.024263 0.875442
0 0.024841 0.475067 0.031196 0.121897
0 0.231947 0.527704 0.029463 0.099734
0 0.838533 0.497230 0.025997 0.847738