0 0.051152 0.419131 0.030354 0.328868
0 0.231591 0.566043 0.030354 0.212955
0 0.266161 0.474391 0.032040 0.622692
0 0.328555 0.524261 0.028668 0.447476
0 0.361439 0.599739 0.026981 0.134782
0 0.404441 0.431261 0.028668 0.196782
0 0.512366 0.566043 0.045531 0.353129
0 0.595840 0.551217 0.030354 0.242607
0 0.632940 0.531000 0.040472 0.283042
0 0.722316 0.487870 0.023609 0.164434
0 0.765318 0.522913 0.021922 0.309998
0 0.837830 0.590304 0.028668 0.121304
0 0.883361 0.455522 0.025295 0.202173
0 0.789769 0.513478 0.023609 0.070087
0 0.460933 0.566043 0.016863 0.094347