0 0.822068 0.448748 0.020797 0.324135
0 0.904390 0.605275 0.032929 0.315824
0 0.667822 0.452903 0.017331 0.160682
0 0.712883 0.624667 0.031196 0.227172
0 0.768342 0.457059 0.020797 0.152371
0 0.605430 0.544326 0.024263 0.166223
0 0.534373 0.548482 0.020797 0.246564
0 0.501444 0.538785 0.024263 0.243794
0 0.461583 0.480607 0.027730 0.249335
0 0.412189 0.541556 0.012132 0.216090
0 0.397458 0.531859 0.017331 0.141290
0 0.338533 0.477837 0.010399 0.260416
0 0.326401 0.494459 0.020797 0.155142
0 0.242345 0.526319 0.025997 0.218861
0 0.224148 0.480607 0.024263 0.088652
0 0.158290 0.487533 0.024263 0.130208
0 0.074235 0.641290 0.022530 0.238253
0 0.062969 0.443207 0.020797 0.213320