0 0.629694 0.369792 0.017331 0.709219
0 0.724148 0.572030 0.025997 0.155142
0 0.757077 0.444592 0.029463 0.254876
0 0.785673 0.462600 0.020797 0.246564
0 0.510976 0.511082 0.019064 0.177305
0 0.608897 0.502770 0.031196 0.182846
0 0.470248 0.483378 0.027730 0.265957
0 0.305604 0.412733 0.020797 0.185616
0 0.267475 0.542941 0.020797 0.168994
0 0.180820 0.490304 0.020797 0.085882
0 0.127094 0.488918 0.024263 0.177305
0 0.080300 0.508311 0.024263 0.116356
0 0.049971 0.493074 0.019064 0.268727
0 0.028307 0.475067 0.027730 0.188386
0 0.864529 0.536015 0.029463 0.083112
0 0.902657 0.537400 0.022530 0.102504
0 0.989024 0.479222 0.021952 0.185616