0 0.919122 0.463985 0.017331 0.526373
0 0.901791 0.533245 0.020797 0.249335
0 0.880127 0.455674 0.022530 0.077571
0 0.819468 0.452903 0.022530 0.110815
0 0.835066 0.591423 0.019064 0.127438
0 0.762276 0.491689 0.025997 0.615026
0 0.740612 0.394725 0.024263 0.387854
0 0.712883 0.488918 0.038128 0.299202
0 0.673021 0.463985 0.020797 0.094193
0 0.638359 0.466755 0.020797 0.221631
0 0.611496 0.504156 0.029463 0.512522
0 0.582900 0.470911 0.017331 0.135749
0 0.517042 0.500000 0.020797 0.144060
0 0.465049 0.473681 0.020797 0.091423
0 0.408723 0.497230 0.022530 0.127438
0 0.335933 0.558178 0.025997 0.205009
0 0.289139 0.416888 0.022530 0.160682
0 0.244945 0.476452 0.024263 0.191157
0 0.265742 0.509696 0.020797 0.152371
0 0.207683 0.512467 0.029463 0.252105
0 0.102831 0.558178 0.038128 0.094193
0 0.052571 0.502770 0.020797 0.149601
0 0.023975 0.472296 0.019064 0.720300