0 0.081506 0.524261 0.023609 0.231825
0 0.105958 0.512130 0.025295 0.250694
0 0.201237 0.502696 0.026981 0.447476
0 0.269533 0.497304 0.021922 0.145564
0 0.293142 0.467652 0.025295 0.404346
0 0.330242 0.529652 0.032040 0.285738
0 0.422147 0.602434 0.016863 0.247999
0 0.449129 0.537739 0.020236 0.318085
0 0.675942 0.556608 0.025295 0.188695
0 0.734120 0.506739 0.023609 0.471737
0 0.770377 0.478435 0.015177 0.301911
0 0.875773 0.243914 0.023609 0.361215
0 0.958404 0.354436 0.033727 0.474432
0 0.647274 0.605130 0.021922 0.080869
0 0.602586 0.591652 0.023609 0.086260