0 0.010399 0.500000 0.020798 0.204868
0 0.037662 0.512130 0.026981 0.062000
0 0.147274 0.444739 0.023609 0.105130
0 0.249297 0.456870 0.032040 0.377389
0 0.374930 0.409696 0.033727 0.137478
0 0.310849 0.444739 0.020236 0.105130
0 0.527544 0.458218 0.028668 0.169825
0 0.639685 0.417783 0.030354 0.735909
0 0.672569 0.404305 0.021922 0.164434
0 0.694491 0.526956 0.028668 0.161738
0 0.748454 0.451479 0.032040 0.204868
0 0.820124 0.571434 0.023609 0.175216
0 0.948286 0.405653 0.026981 0.555301
0 0.993536 0.448783 0.012928 0.199477