0 0.221473 0.509435 0.023609 0.304607
0 0.253513 0.462261 0.016863 0.086260
0 0.330242 0.506739 0.021922 0.207564
0 0.398538 0.502696 0.020236 0.986603
0 0.468522 0.371957 0.025295 0.256086
0 0.566329 0.358479 0.018550 0.288433
0 0.588252 0.460913 0.021922 0.487910
0 0.664137 0.396218 0.025295 0.293824
0 0.764474 0.474391 0.023609 0.191390
0 0.788083 0.459565 0.016863 0.415128
0 0.837830 0.588956 0.021922 0.080869
0 0.904441 0.451479 0.020236 0.280346
0 0.948286 0.467652 0.023609 0.194086
0 0.977796 0.474391 0.011804 0.105130
0 0.482856 0.595695 0.020236 0.207564
0 0.544407 0.595695 0.025295 0.180608