0 0.334200 0.401651 0.019064 0.678745
0 0.350664 0.549867 0.027730 0.565159
0 0.409590 0.526319 0.027730 0.313054
0 0.511843 0.659297 0.024263 0.268727
0 0.563836 0.570645 0.017331 0.180075
0 0.627094 0.598349 0.022530 0.229942
0 0.595898 0.488918 0.025997 0.144060
0 0.533507 0.454289 0.025997 0.141290
0 0.676488 0.549867 0.024263 0.121897
0 0.829001 0.470911 0.024263 0.196697
0 0.910456 0.487533 0.027730 0.130208
0 0.986424 0.562334 0.027152 0.335217
0 0.300404 0.483378 0.024263 0.193927
0 0.244945 0.516622 0.027730 0.077571
0 0.187753 0.512467 0.027730 0.257646
0 0.093299 0.523548 0.019064 0.091423
0 0.012421 0.558178 0.024841 0.160682