0 0.498876 0.390827 0.028668 0.714344
0 0.549466 0.555261 0.018550 0.191390
0 0.594997 0.562000 0.021922 0.167130
0 0.623665 0.520217 0.028668 0.142869
0 0.645587 0.677912 0.025295 0.172521
0 0.733277 0.588956 0.032040 0.743996
0 0.795672 0.522913 0.025295 0.380085
0 0.877459 0.555261 0.026981 0.466345
0 0.820124 0.493261 0.023609 0.121304
0 0.953345 0.547174 0.033727 0.256086
0 0.857223 0.597043 0.020236 0.129391
0 0.472737 0.478435 0.020236 0.312694
0 0.438167 0.475739 0.015177 0.150956
0 0.423834 0.642869 0.023609 0.221042
0 0.326869 0.479783 0.028668 0.132086
0 0.257729 0.576826 0.028668 0.277651
0 0.032603 0.446087 0.023609 0.614605